X0,X1,X2,X3,X4,X5,X6,X7,X8,X9,X10,X11,X12,X13,X14,X15,X16,X17,X18,X19,X20,X21,X22,X23,Y
17250,180000,2,1,1,42,0,0,0,0,0,0,79216,80905,82708,84433,86134,88251,3000,3100,3100,3100,3500,8400,1
17251,100000,2,2,1,37,0,0,0,0,0,0,100253,101587,100095,98569,99534,100013,4500,4500,5000,4000,3500,3627,0
17252,20000,2,3,1,37,1,2,0,0,2,0,15829,15283,16429,19764,19140,6420,0,1700,4000,0,1000,0,1
17253,150000,2,3,1,39,2,2,2,0,0,0,151664,153994,147038,122498,75782,71306,6300,0,5000,3000,3000,3000,0
17254,60000,2,2,1,27,0,0,0,0,0,-1,40831,34613,28178,23199,572,27425,1617,1616,1008,1036,28848,1100,0
17255,80000,2,1,2,29,2,2,0,0,2,0,25248,24549,26823,29157,28389,29036,0,3000,2780,0,1100,1500,1
17256,60000,2,3,1,47,2,3,2,2,2,2,20347,19727,20909,21168,21520,21805,0,1800,900,1000,774,0,1
17257,20000,2,3,1,43,2,0,0,0,0,0,18310,18739,19411,20209,19880,4341,1300,1500,1257,456,149,191,1
17258,110000,2,2,2,33,0,0,0,0,0,0,104151,106217,108884,112149,112507,114200,3791,4368,5500,3971,6280,10300,1
17259,100000,2,3,1,41,1,2,0,0,0,0,77208,75377,77044,78333,78130,77761,0,3475,3263,2805,2888,2680,0
17260,280000,2,2,1,37,0,0,0,-2,-2,-2,198823,206000,0,0,0,0,10000,0,0,0,0,0,0
17261,130000,2,3,2,36,0,0,0,0,0,0,127544,126771,124824,123174,100585,97687,5963,6316,4845,3471,3673,3590,0
17262,50000,2,3,2,29,0,0,0,0,0,0,47815,49216,51082,46983,19839,16389,2500,3009,4012,3000,2000,3000,0
17263,60000,2,2,1,33,0,0,0,0,0,0,50696,54841,56444,53183,55288,55782,5000,2500,2000,3000,2700,2500,0
17264,70000,2,3,1,34,0,0,0,0,0,0,43071,47338,51424,45121,5515,10424,5000,5000,5000,5000,5000,5000,0
17265,240000,2,2,1,46,0,0,0,0,-2,-2,177221,169897,166064,0,0,0,7053,6520,0,0,0,0,1
17266,310000,2,2,2,31,2,0,0,0,2,2,137171,141486,144515,154587,156565,153965,6600,6800,14000,6000,0,5800,1
17267,20000,2,3,2,33,0,0,0,0,0,0,20023,20239,19164,19393,19725,20054,1300,1400,1300,1000,1000,1000,0
17268,50000,2,2,1,37,0,0,0,0,0,-2,29969,17791,12592,5022,780,390,1281,1099,1009,10000,0,17458,0
17269,50000,2,3,2,33,1,2,2,2,0,0,25922,25154,16820,15860,16179,16915,55,4500,800,582,1000,634,0
17270,130000,2,2,1,34,0,0,0,0,0,0,99891,101032,104705,105478,107725,109994,3700,5300,4000,4000,4000,6100,0
17271,230000,2,2,2,30,0,0,0,0,0,0,62988,63056,63741,64096,64473,64927,2847,2303,2284,2280,2345,2333,0
17272,380000,2,2,1,31,1,-2,-1,-1,-2,-1,3491,3859,8796,7991,5310,14655,3878,8863,8007,5362,14695,24446,0
17273,160000,2,3,2,32,0,0,0,0,0,0,56099,41085,35673,28880,27678,25518,3000,3030,2000,5000,4000,3018,0
17274,20000,2,3,1,32,0,0,2,0,0,0,17930,20305,19308,20296,20302,20189,3000,0,1318,714,981,400,0
17275,150000,2,1,2,33,0,0,0,0,0,0,1911,3079,4057,1920,1920,0,1189,1167,1000,0,0,0,1
17276,90000,2,1,2,32,-1,-1,-1,-1,-1,-1,1560,23153,835,5225,736,736,23153,17395,5225,736,736,886,0
17277,400000,2,1,1,33,-2,-2,-2,-2,-2,-2,-4,1054,1420,-20,-20,-20,1058,1427,0,0,0,0,0
17278,70000,2,2,1,34,0,0,0,0,0,0,66946,67741,68790,68523,29163,29247,3007,3248,2661,1135,1160,1169,0
17279,50000,2,2,1,34,2,2,2,2,2,2,43664,44654,45650,46320,45290,48322,2000,2000,1700,0,3760,1700,0
17280,30000,2,2,1,35,1,-2,-1,0,-1,0,0,0,12403,17849,4935,6491,0,12403,8359,4935,3000,1000,0
17281,20000,2,2,1,46,0,0,0,0,0,0,19113,20068,17481,15572,15902,35565,1292,1323,1111,441,2158,2400,0
17282,20000,2,3,2,39,0,0,0,2,2,3,8720,12241,16020,16457,20906,20289,4000,4000,1000,4750,0,600,1
17283,130000,2,3,1,37,-2,-2,-2,-2,-2,-2,0,0,0,0,0,0,0,0,0,0,0,0,1
17284,80000,2,1,1,41,0,0,0,0,0,0,73863,74970,75285,73654,75642,80984,3300,3300,3000,3500,9050,0,0
17285,360000,2,1,1,41,-2,-2,-2,-2,-2,-2,0,0,0,0,0,0,0,0,0,0,0,0,1
17286,120000,2,3,0,47,-1,0,0,-2,-2,-2,1576,3009,0,0,430,1520,1500,0,0,430,1520,730,0
17287,200000,2,3,1,41,0,0,0,0,0,0,184133,187386,191098,194671,177096,180388,6710,7125,7333,6325,6522,6569,0
17288,150000,2,2,1,38,-2,-2,-2,-2,-2,-2,6829,6460,17154,2729,32550,8509,6719,27654,2729,32550,11467,6943,0
17289,50000,2,2,2,44,0,0,0,0,-1,0,27200,10605,10355,9853,2917,1473,1172,1202,1000,2917,29,390,0
17290,170000,2,3,1,40,1,2,0,0,0,0,179399,41265,20619,19520,5200,0,0,2000,1136,1000,0,36679,1
17291,230000,2,2,1,34,0,-1,-1,-1,-1,-1,205530,380,380,2350,103030,380,380,380,2350,103030,380,1570,0
17292,50000,2,2,2,46,0,0,0,0,0,0,25119,26258,27199,18810,18487,18874,1559,1500,1400,1000,684,716,1
17293,280000,2,1,1,36,0,0,0,0,0,0,157424,161596,166680,170691,14988,16776,6000,6500,6000,1000,2000,2012,0
17294,50000,2,2,1,44,0,0,0,0,-2,-2,13226,14470,15000,0,0,0,1470,1000,0,0,0,0,0
17295,30000,2,3,1,31,2,3,2,2,2,0,30057,29280,30206,30496,29731,29047,0,1700,1100,3,1053,1303,0
17296,360000,2,1,1,32,-2,-2,-2,-2,-1,0,-16,3194,430,1982,211250,215670,3210,436,1991,211250,7762,7823,0
17297,400000,2,2,2,32,-2,-2,-2,-2,-2,-2,6464,-270,-770,-761,-2710,187552,1692,0,9,11,194541,7015,1
17298,80000,2,3,2,33,0,0,0,0,0,0,107044,103077,98328,93376,87491,80156,5000,5000,5000,2000,8500,3000,0
17299,150000,2,2,2,34,0,0,0,0,0,0,18631,18831,15729,11907,14103,14413,3000,3000,1353,5000,3000,5000,0
17300,260000,2,2,1,36,0,0,0,0,0,0,59127,60344,61641,60715,57116,58318,2200,2300,2200,2060,2119,2293,0
17301,110000,2,3,1,39,0,0,0,0,0,0,107441,106808,75540,75724,74785,76079,4023,2805,3406,2670,2751,2772,0
17302,50000,2,1,1,41,0,0,0,0,0,0,47739,47481,47066,44367,27496,27677,2000,1817,2000,1500,1001,1010,0
17303,300000,2,2,2,40,-1,-1,-1,-1,-1,-1,10626,10578,12963,989,12238,0,10582,13265,1087,12238,0,0,0
17304,20000,2,2,1,37,2,0,0,2,0,0,16429,17450,20358,19722,19616,19228,1300,3200,0,830,750,1000,1
17305,290000,2,2,2,37,2,0,0,0,0,0,140599,143963,152434,156413,156189,144318,13010,11430,6900,5320,5232,4980,1
17306,120000,2,2,1,45,-1,-1,-1,-1,-1,-1,380,3175,380,380,2402,696,3175,380,380,2402,696,1093,0
17307,20000,2,2,2,40,-1,-1,-1,-1,-1,-2,295,748,-2,221,0,0,748,0,223,0,0,2016,0
17308,360000,2,2,2,36,-2,-2,-2,-1,-1,-2,-149,-149,-4,585,139,0,0,145,744,139,0,0,1
17309,150000,2,1,1,41,-1,-1,-1,-1,-1,-1,7939,6610,6994,8102,25715,11350,6629,7034,8112,25715,11350,12595,0
17310,100000,2,1,1,42,2,2,0,0,0,0,99184,99340,64054,59014,55249,47645,3000,3039,3315,3000,3000,3000,1
17311,170000,2,1,1,45,0,0,0,0,0,0,73326,68712,60324,88057,89040,90716,3504,3500,30000,3300,3200,0,0
17312,200000,2,3,2,49,1,-2,-1,-1,-1,-2,0,0,3614,714,0,0,0,3614,721,0,0,6728,1
17313,60000,2,3,1,48,-1,-1,-1,-1,-1,-1,4823,5471,8422,4377,3910,2431,5491,9683,4377,3918,2431,2120,1
17314,80000,2,2,1,29,0,0,0,0,0,0,19578,18231,17950,14699,12466,11445,1620,1600,1419,1000,1000,1000,0
17315,40000,2,3,1,30,1,2,0,0,0,0,40672,39724,39475,39078,38339,38665,9,2143,1606,1500,1410,1507,0
17316,50000,2,1,1,30,1,2,0,0,0,0,49061,46783,42977,36737,19865,16499,1406,2000,1317,700,599,604,1
17317,50000,2,3,2,39,2,2,0,0,2,0,20039,19369,16586,18696,18100,18475,0,1280,2390,0,816,688,1
17318,40000,2,2,1,39,-1,-1,-1,0,0,0,500,0,18583,19353,19440,20279,0,18583,1460,547,1000,500,0
17319,120000,2,2,2,25,2,3,3,3,4,4,94635,97592,100536,103478,104886,107220,5400,5400,5500,4600,4600,5200,0
17320,200000,2,1,2,25,1,2,3,2,3,2,133797,144095,140383,146531,142795,136981,14000,0,10000,0,0,5100,1
17321,30000,2,2,2,29,0,0,2,0,0,-2,22501,20210,8762,6200,0,0,2429,5,1062,0,0,0,0
17322,260000,2,5,1,33,0,0,-1,-1,0,0,2229,3140,2740,107139,105188,104418,1000,2740,107139,4000,4000,4696,0
17323,390000,2,2,2,31,0,0,2,0,0,0,103061,106464,88653,82226,71559,72492,7600,20,3510,3349,3000,6000,0
17324,140000,2,1,1,31,2,2,0,0,0,0,159164,154983,116592,89475,83630,87733,0,5012,5000,5000,5000,20000,1
17325,150000,2,2,2,32,6,5,4,3,2,2,81341,79529,77757,75841,73678,77273,0,0,0,0,4874,1000,0
17326,30000,2,3,1,32,0,0,0,0,0,0,30096,30287,28823,26799,25457,26143,1494,1445,1506,912,1097,1000,0
17327,90000,2,2,3,36,0,0,0,0,0,0,91337,91458,91049,70101,28942,27508,4000,3137,5094,1106,1001,1201,0
17328,150000,2,2,1,39,0,0,0,0,0,0,16878,7632,33019,31366,31709,42632,5000,30000,3000,5000,15000,6000,0
17329,30000,2,2,1,39,0,-1,-1,2,0,0,22215,18243,29013,28256,28979,31369,18243,11500,0,1177,3000,0,0
17330,200000,2,2,2,36,0,0,0,0,0,0,138636,140982,145038,146190,148989,130481,5048,6726,5451,5774,4739,5500,0
17331,30000,2,1,2,38,-2,-2,-2,-2,-2,-2,1232,764,1909,544,390,954,764,1920,544,390,954,1913,0
17332,30000,2,3,1,48,0,0,0,0,0,2,14834,15844,18883,17901,19241,18794,1261,3300,1301,1641,0,860,1
17333,50000,2,2,1,29,0,0,0,0,0,0,20103,21466,23122,24654,26365,25844,2000,2000,2000,2000,2000,2000,0
17334,310000,2,2,1,29,0,0,0,0,0,0,26597,27141,25567,21794,20911,14023,1732,1408,1209,622,600,748,0
17335,500000,2,1,1,37,1,-1,-1,-1,-1,0,0,2529,2971,184,64356,33348,2529,2971,200,38144,0,8479,0
17336,500000,2,3,1,36,-2,-2,-2,-2,-2,-2,27866,1062,27610,18133,2506,169233,1062,27648,25012,2506,169233,11952,0
17337,300000,2,2,1,36,-1,0,0,0,0,0,6447,14383,15576,16524,17096,12144,10000,2000,1500,1000,1000,1000,0
17338,430000,2,3,2,30,0,0,0,0,0,0,200364,147550,106901,81257,83264,62618,6215,3050,2511,5110,2005,5046,0
17339,30000,2,1,1,30,0,0,-1,2,-1,-1,3836,4380,1169,779,566,1361,1016,1169,0,567,1365,1834,0
17340,30000,2,3,2,31,0,0,0,2,2,0,26667,27675,30611,30647,28245,24357,1455,3391,949,0,745,584,0
17341,200000,2,1,2,32,-2,-2,-2,-2,0,0,0,0,-10542,148287,146948,148772,0,1685,326974,5200,5500,6000,0
17342,130000,2,3,1,32,0,0,0,0,0,0,126741,126889,125733,118394,96230,98583,6100,6103,4823,4000,4000,4000,0
17343,120000,2,1,2,33,-1,-1,-1,-1,-1,-2,2446,326,0,28776,0,0,326,0,28776,0,0,0,0
17344,170000,2,2,2,31,0,0,0,-1,-1,-2,20625,21386,0,522,0,0,1700,0,522,0,0,0,0
17345,210000,2,1,1,34,-1,-1,-1,-1,-1,-1,8289,16585,9396,16992,9506,4837,16585,10455,16992,9509,4837,11899,0
17346,130000,2,2,1,34,0,0,0,0,-2,-2,41379,24462,15720,0,0,0,3057,1047,0,0,0,0,0
17347,420000,2,2,1,35,0,0,0,0,0,0,67877,68979,57706,55628,54797,52759,3527,3000,4000,2500,2000,2100,0
17348,180000,2,2,1,39,0,0,0,0,0,0,130374,129889,114559,113759,94665,97134,5812,6000,6100,4000,4000,4000,0
17349,240000,2,2,2,40,0,0,0,0,0,0,127919,93266,95837,49459,47631,37750,4000,4840,4000,1500,2000,2000,0
17350,100000,2,2,1,44,1,2,0,0,3,2,76725,74901,76094,84457,82525,81086,0,3000,9657,0,0,3200,1
17351,130000,2,3,2,45,0,0,0,0,0,0,38222,37939,37705,37391,38137,37647,1612,1639,1586,1332,1352,1382,0
17352,20000,2,2,1,43,1,2,3,2,2,2,11501,12998,13492,12978,13962,13595,2000,1000,0,1200,0,3000,1
17353,50000,2,2,2,46,0,0,0,0,0,0,46746,44808,44899,46346,47273,48357,2100,2100,2500,2000,2000,3000,0
17354,70000,2,2,1,38,0,0,0,0,0,0,19500,19884,20567,21526,21499,21556,1400,1400,1700,1000,781,815,0
17355,30000,2,3,1,41,-1,-1,-1,-1,-1,-1,1688,0,850,2158,0,1935,0,850,2158,0,1935,0,0
17356,50000,2,3,1,48,0,0,0,0,0,0,41842,42422,43050,43650,45217,46044,1984,2019,2026,3000,2000,1500,1
17357,500000,2,3,1,41,0,0,0,0,0,0,119455,120499,124836,37334,34944,24355,7012,10522,6133,24408,122,17398,0
17358,200000,2,1,2,41,-1,-1,-1,-1,-1,-1,504,2502,21699,2914,3392,4343,2502,21699,3003,3392,4343,326,0
17359,120000,2,2,1,42,2,2,3,2,2,3,25809,29366,28615,29347,30868,30099,4300,0,1500,2300,0,0,1
17360,200000,2,2,1,49,-1,0,0,-1,0,0,75853,78983,133236,6574,2924,-626,6065,70538,6634,10,0,0,0
17361,150000,2,2,2,36,1,2,0,0,2,0,93658,84029,77836,75277,66249,60021,0,3000,6000,0,2066,1837,1
17362,100000,2,2,1,42,1,2,2,-2,-2,-2,3256,3020,0,0,0,0,0,0,0,0,0,0,0
17363,50000,2,2,2,38,0,0,0,0,2,2,7980,10513,9922,8633,8385,7862,3000,1200,1800,0,1600,0,0
17364,50000,2,2,1,36,3,2,2,2,3,2,47222,48142,48082,51969,50865,49611,2000,1000,5000,0,0,2500,1
17365,50000,2,1,1,43,0,0,0,0,0,2,49819,49390,50612,29975,30559,29433,2227,2449,1778,2382,0,1251,1
17366,550000,2,1,2,33,0,0,0,0,0,0,337733,261223,267274,273547,172198,176573,10000,11000,12300,6300,8000,8000,0
17367,30000,2,2,1,35,1,-1,0,0,2,0,0,741,1775,3040,2843,3052,741,1034,1299,0,255,106,0
17368,150000,2,3,1,39,-1,-1,-1,0,-1,-1,5211,33474,18488,45489,9069,20203,33522,18516,35701,9099,20226,20786,0
17369,140000,2,2,2,27,0,0,0,2,2,2,119692,91710,91744,70832,70768,71755,5000,8000,0,8000,3000,0,0
17370,50000,2,2,2,48,0,0,0,0,0,0,55329,51870,53164,46575,26609,27178,1902,2176,2064,1098,2134,1139,0
17371,160000,2,3,2,39,0,0,0,0,0,0,156000,155866,159005,159248,118904,119243,5559,7677,6039,4176,4300,4576,0
17372,50000,2,2,1,26,0,0,-1,0,0,0,1804,5195,15371,14163,15517,14685,4000,15387,1500,2000,1000,2000,0
17373,50000,2,1,1,28,0,0,0,0,0,0,27888,18602,9795,32694,28899,28924,2000,4239,28000,1015,2000,1500,0
17374,110000,2,1,2,33,-2,-2,-2,-2,-2,-2,0,0,0,0,0,0,0,0,0,0,0,766,0
17375,50000,2,3,1,46,2,2,2,2,0,0,46677,48101,49060,47086,9306,8962,2500,2400,4,503,1109,703,1
17376,350000,2,2,2,31,1,2,0,0,0,0,279767,253462,259137,264798,269673,275672,0,9754,10000,9396,10083,9439,0
17377,70000,2,2,1,42,0,0,0,0,0,0,24133,24741,25074,25978,26341,26093,1702,1424,1717,1080,1094,969,0
17378,210000,2,1,1,38,1,-2,-1,-1,-1,-1,0,0,517,-1,932,1066,0,517,0,933,1066,462,0
17379,180000,2,2,1,36,0,0,0,0,-2,-1,20138,21494,25600,0,0,36565,2000,5000,0,0,36565,1548,0
17380,30000,2,3,1,28,0,0,0,2,2,0,12430,13419,15897,16340,15780,16127,1200,2700,1000,0,600,1400,0
17381,630000,2,1,1,31,0,0,0,0,0,0,447263,458762,470298,480587,385587,373910,20000,20000,20000,15000,15000,15000,0
17382,220000,2,2,1,41,0,0,0,0,0,0,143660,126532,90013,91191,86139,83743,5005,4500,4006,3000,3000,3000,0
17383,280000,2,1,1,44,0,0,0,0,0,0,230931,235635,197003,198808,187425,177340,8634,7665,6497,5555,5027,5065,0
17384,340000,2,2,1,40,0,0,0,0,0,0,244451,230907,228760,229404,161551,164936,10000,10000,7100,5800,5915,6100,0
17385,180000,2,1,2,33,2,-1,-1,-1,-1,-1,416,416,416,416,150,982,416,416,416,150,982,416,1
17386,250000,2,2,1,35,-2,-2,-2,-2,-2,-1,7379,42849,24502,25016,33754,4418,45000,25000,15167,80000,5000,6000,0
17387,20000,2,2,2,48,1,3,2,2,2,2,17100,16537,16283,17708,18121,17692,0,300,2000,1000,0,792,1
17388,140000,2,2,1,40,0,0,0,0,0,0,102502,101164,99579,99004,88485,85218,5000,5000,5000,3000,3000,4000,0
17389,130000,2,2,2,44,2,0,0,2,2,2,72181,73086,78411,79725,81311,83048,2700,6500,3200,3500,3200,3300,1
17390,120000,2,1,1,38,0,0,0,0,0,0,65645,71406,29044,21889,14536,25636,15000,1462,1000,3000,14000,254,0
17391,360000,2,1,1,42,1,-2,-2,-2,-2,-2,0,0,0,0,0,0,0,0,0,0,0,0,0
17392,240000,2,2,1,43,0,0,0,0,0,0,50120,48502,49001,47026,45827,39527,1781,2200,1923,1682,2000,2000,0
17393,310000,2,2,1,40,-2,-2,-2,-2,-2,-2,3268,206,589,1594,28252,15081,206,589,1594,28252,18381,4100,0
17394,100000,2,3,1,46,2,2,2,2,2,2,43677,42674,45983,46927,47759,46865,0,4000,2000,1900,0,2000,1
17395,200000,2,1,1,37,-2,-2,-2,-2,-2,-2,1324,0,0,0,0,0,0,0,0,0,0,0,0
17396,80000,2,2,1,29,2,2,2,2,2,2,72674,74192,72464,76613,77908,76034,3300,0,6000,3100,0,4200,0
17397,210000,2,1,2,32,-2,-2,-2,-2,-2,-2,19959,1592,-2,560,6190,243,1603,0,562,6196,243,4061,0
17398,180000,2,1,2,31,-2,-2,-2,-2,-2,-2,0,0,0,0,0,0,0,0,0,0,0,0,0
17399,70000,2,2,1,33,0,0,0,0,0,0,66701,69907,67450,61902,19551,27831,53000,26017,40000,17000,24000,28000,0
17400,60000,2,2,2,36,0,0,0,0,0,0,57724,56597,50766,47022,31606,30820,2000,5015,2000,3000,1300,1500,0
17401,200000,2,1,1,49,-1,-1,-1,-1,-1,-1,950,950,950,950,0,1900,950,950,950,0,1900,950,0
17402,50000,2,2,2,48,-1,-1,0,0,0,0,879,8061,8290,7838,7998,8161,8061,1398,1000,160,163,9217,0
17403,50000,2,3,1,46,1,2,-1,3,2,0,8354,6024,116,116,9982,8143,0,116,0,10040,400,2272,1
17404,70000,2,2,1,41,0,0,0,2,0,0,68953,68908,68799,65250,53934,54149,3000,3810,2010,2054,2000,1872,0
17405,130000,2,2,1,48,0,0,0,0,-1,-1,23575,17719,12167,6500,6788,6887,1300,1200,1000,6788,6900,13041,0
17406,140000,2,2,1,47,-2,-2,-2,-2,-2,-2,0,0,0,0,0,0,0,0,0,0,0,0,0
17407,350000,2,3,1,36,0,0,0,0,0,0,42548,41593,40375,37959,36416,34875,2000,2000,2000,1200,1200,1500,0
17408,150000,2,1,2,30,0,-1,0,0,-2,-2,7674,432,2232,0,0,0,432,2000,0,0,0,5757,0
17409,50000,2,2,1,39,0,0,0,0,0,0,32802,31002,32115,31824,32498,21757,1497,2000,1000,1064,1059,290,0
17410,50000,2,3,1,47,0,0,0,-2,-2,-2,38909,14512,0,0,0,0,1000,0,0,0,0,0,0
17411,30000,2,2,2,36,0,0,0,0,0,0,11896,12990,14073,15131,15579,16175,1600,1600,1600,1000,1000,1000,0
17412,20000,2,3,1,38,0,0,0,0,0,0,15894,15354,14786,16457,15423,14837,1225,1329,2000,2000,700,1500,0
17413,50000,2,2,2,33,0,0,0,0,0,0,26740,12498,16264,17918,16072,17041,2000,4000,2000,1000,2000,2396,0
17414,30000,2,2,2,47,2,2,2,2,2,2,15089,16039,17080,17302,17521,17893,1500,1600,800,800,800,800,1
17415,230000,2,0,2,47,-1,-1,-1,2,-1,-1,8394,5743,1336,255,5425,4838,5743,1598,0,5425,4838,3840,0
17416,70000,2,3,1,43,2,2,0,-1,0,0,85863,78125,68899,69131,29289,29898,0,1378,70000,1185,1220,1119,1
17417,30000,2,2,2,49,0,0,0,0,2,2,15013,15856,18083,20275,20445,20971,1400,2500,2500,800,1000,800,0
17418,150000,2,3,1,33,0,0,2,0,0,0,147350,154848,151591,151549,146417,137835,11150,0,4845,8046,9200,5100,0
17419,40000,2,2,1,38,-1,0,0,0,0,0,19537,20416,21151,21884,26213,30480,1500,1356,1380,5000,5000,1128,0
17420,250000,2,2,1,31,0,0,0,0,0,0,142905,113367,93844,74441,74553,64640,4000,4100,3010,2205,2045,2200,0
17421,200000,2,2,1,46,1,2,2,0,0,2,30783,33017,30413,32582,34727,36036,3058,0,3000,3000,2002,0,0
17422,190000,2,2,1,31,1,-1,-1,2,-1,-1,-92,465,3022,1397,1554,1561,2000,4000,0,1600,1600,1700,0
17423,390000,2,1,1,33,0,-1,0,0,0,0,5602,48329,45281,31219,24962,17002,48329,2287,1500,4962,815,10000,0
17424,20000,2,3,1,36,0,0,2,0,0,0,14822,17216,17541,18300,19100,2200,3641,900,1200,1000,100,0,1
17425,200000,2,2,1,47,0,0,0,0,0,0,193229,197253,158980,157837,127528,119550,9058,7260,7367,4303,4551,4411,0
17426,60000,2,2,1,38,0,0,0,0,0,0,58890,59620,60039,58887,29050,26055,2620,2906,2588,1055,2058,1339,0
17427,30000,2,2,2,39,0,0,0,2,0,0,28144,27470,30698,28981,27673,27826,2000,4000,0,1000,1000,0,0
17428,230000,2,2,2,38,-2,-1,0,0,0,0,845,53006,50879,50660,51282,53162,53021,2280,2133,1138,3186,1179,0
17429,130000,2,2,1,33,0,0,0,0,0,0,84963,83958,84906,85690,85892,87996,2980,4012,3885,3158,4704,3218,0
17430,140000,2,2,1,44,0,0,0,0,0,0,127254,109717,81545,81454,60176,79728,6050,3700,2000,3000,20000,1500,1
17431,360000,2,1,1,45,1,-2,-2,-2,-2,-2,0,0,0,0,0,0,0,0,0,0,0,0,0
17432,20000,2,1,2,31,3,2,2,2,2,0,6186,5941,8541,8560,8274,9135,0,2869,305,0,1000,1000,1
17433,100000,2,2,2,35,-1,-1,-1,-1,-1,0,1046,2700,2187,678,2040,944,2702,2187,678,2040,0,0,0
17434,210000,2,2,2,45,1,-2,-2,-2,-2,-2,0,0,0,0,0,0,0,0,0,0,0,0,0
17435,50000,2,3,1,32,-1,-1,-1,-1,-1,-1,1442,1444,1447,1261,1261,1261,1444,1447,1261,1261,1261,91,0
17436,380000,2,1,1,44,0,0,0,0,0,0,365023,365445,350474,342569,307959,309709,14320,15065,13017,15026,12017,12031,0
17437,50000,2,1,2,39,0,0,0,0,0,0,47381,48697,48322,45353,19426,19857,2116,2320,1300,1000,700,600,0
17438,200000,2,2,2,30,-2,-2,-2,-2,-2,-2,4690,2026,4900,1508,2451,2966,2028,4942,1508,2467,2972,6317,0
17439,50000,2,1,1,30,0,0,0,0,0,0,46791,42675,34256,30723,19766,20449,1593,1855,1341,706,1000,5454,0
17440,150000,2,1,1,31,0,0,0,0,0,0,138121,145763,134887,105822,86341,88072,10001,6712,5500,3400,3201,3403,0
17441,30000,2,2,1,32,0,0,0,0,-2,-2,17168,28655,29239,9435,724,724,12155,2000,1920,724,724,3294,1
17442,30000,2,2,2,34,1,2,0,0,0,0,29678,28878,26758,27462,28014,29826,0,1751,1455,1007,2268,0,1
17443,110000,2,2,1,39,0,0,0,0,0,0,132062,126641,120209,112912,85884,87764,5000,5000,3600,3200,4000,3000,0
17444,30000,2,2,1,38,0,0,0,0,0,2,19707,21022,22080,22810,25772,26360,1650,1700,1400,3355,1146,0,0
17445,130000,2,2,1,39,1,-2,-2,-2,-2,-2,0,0,0,0,0,0,0,0,0,0,0,0,0
17446,260000,2,2,1,39,2,2,0,0,2,0,238601,228443,233958,252615,186443,190345,0,10698,24799,0,7035,7078,1
17447,30000,2,2,1,43,2,2,2,2,2,2,28264,28703,26622,24022,24368,20859,2000,1300,2,1608,0,900,1
17448,220000,2,2,2,47,0,0,0,0,0,0,137736,130527,127116,121336,121736,119164,5100,6540,5000,5000,5000,4600,0
17449,120000,2,1,1,33,0,0,0,-1,-1,0,35563,25614,19747,1201,2333,2250,1426,6400,1500,2700,0,0,1
17450,100000,2,2,2,43,0,0,0,2,2,0,51146,54716,58766,58950,56889,60255,5000,5500,2300,0,5000,5000,0
17451,100000,2,2,1,38,0,0,0,0,0,0,88231,91090,95935,78939,28667,29549,4326,7400,2914,1500,1500,1500,1
17452,70000,2,2,2,44,0,0,0,-1,0,0,79696,75167,75183,69385,30103,3752,3100,1600,94540,1124,100,3091,1
17453,20000,2,2,1,46,1,2,0,0,0,0,13254,12749,13834,14894,15050,16251,0,1600,1600,700,1601,1620,1
17454,320000,2,1,1,36,-1,2,0,0,0,0,7868,6728,13355,16876,20443,24101,0,8000,5000,5000,5000,11906,0
17455,210000,2,2,1,45,0,0,0,0,0,0,209495,213691,214177,192223,125412,113281,8000,10730,7100,4052,4000,3300,0
17456,90000,2,3,1,37,0,0,0,0,0,0,78159,82779,86905,88310,79842,81235,8000,7500,4000,3000,2700,17000,0
17457,120000,2,3,1,36,0,0,0,0,0,2,91914,94638,96290,97913,102959,104872,4260,4371,4425,7900,4000,0,0
17458,360000,2,2,1,35,0,0,0,0,0,-2,127548,61629,59194,59444,-2206,-2206,2145,3721,2839,1303,0,0,0
17459,140000,2,3,1,30,0,0,0,0,2,0,93157,96304,98007,82227,65000,60848,4700,4505,12906,0,2210,2300,0
17460,300000,2,1,1,32,-1,-1,-1,-1,0,0,3092,1589,2039,13926,13804,11600,1589,2039,13926,1304,0,5355,0
17461,90000,2,2,1,43,2,-1,2,-1,0,-1,390,780,390,780,390,780,780,0,780,0,780,0,1
17462,170000,2,3,2,44,1,-1,-1,-1,-1,-2,0,4142,2260,5053,0,0,4142,2260,5053,0,0,0,1
17463,190000,2,2,1,46,0,0,0,0,0,0,140626,114690,110884,111200,87619,92418,8000,5000,12028,5000,10418,5000,0
17464,140000,2,2,1,40,-1,-1,-1,-1,-1,0,815,8397,390,390,780,390,8419,390,390,780,0,390,1
17465,200000,2,1,1,37,0,0,0,0,2,2,37958,40487,41590,43967,44722,46032,3023,1600,2900,1600,2000,0,0
17466,500000,2,2,1,43,0,0,-2,-1,0,0,53477,0,0,113904,116168,117375,0,0,113904,4130,4356,4103,0
17467,300000,2,1,1,38,-1,-1,-1,-1,-1,0,2884,3558,2778,2778,5367,2589,3558,2778,2778,5367,0,3661,0
17468,180000,2,2,2,29,0,0,0,0,0,0,151652,146805,143134,136777,133938,133723,6000,7000,5000,5000,5000,4679,0
17469,360000,2,3,1,44,-1,-1,-1,-1,-1,-1,2877,1852,2068,2185,9561,321,1861,2078,2361,9608,322,322,0
17470,90000,2,2,1,32,0,0,0,0,0,0,68248,57751,45074,38489,28558,29245,2388,2000,2412,1200,1300,1200,0
17471,150000,2,2,1,44,-2,-2,-2,-2,-2,-2,0,0,0,0,0,0,0,0,0,0,0,0,0
17472,500000,2,1,1,30,0,0,0,0,0,0,224387,165727,119760,72506,60548,57212,10100,7041,4123,5039,5071,3548,0
17473,80000,2,2,2,29,0,0,0,0,0,0,24822,25824,26605,27920,28358,29000,1720,1500,1762,1200,1250,3200,0
17474,10000,2,3,2,46,1,2,-1,2,0,0,4474,189,3510,3306,3551,5577,0,3510,0,300,2260,2000,1
17475,180000,2,1,1,46,-1,-1,-1,-1,-1,-1,9509,15419,14188,11926,9718,34322,16359,14293,11949,9737,34449,25691,0
17476,150000,2,5,2,36,0,0,0,0,0,0,144833,141559,80614,110343,64419,18536,6041,13013,64442,3000,2000,4000,0
17477,80000,2,1,1,44,-1,-1,-1,-1,-1,-1,14686,3673,11285,500,500,6155,3673,11285,500,500,6155,1440,0
17478,60000,2,2,1,30,1,2,0,0,2,2,14135,13616,16065,18092,17504,19216,0,3000,2300,0,2000,0,1
17479,240000,2,1,1,35,-1,-1,-1,-1,-1,-1,380,380,380,380,0,380,380,380,380,0,380,760,0
17480,50000,2,3,1,35,-1,-1,0,0,0,0,10458,37907,33604,25303,17841,6980,37907,1599,1200,0,0,3570,0
17481,230000,2,1,2,33,0,0,0,0,0,0,19518,21735,22599,20600,24132,38793,3735,3599,3600,4132,15000,5865,0
17482,40000,2,2,2,33,0,0,0,0,0,0,34253,34954,36093,36891,37019,40734,1567,2000,2000,1318,4610,0,0
17483,250000,2,2,1,33,3,2,2,-2,-2,-2,2500,2500,0,0,0,0,0,0,0,0,0,0,1
17484,50000,2,2,1,32,1,2,2,2,0,0,51132,49594,50292,48532,27308,27539,0,4800,0,1200,1200,1400,0
17485,120000,2,3,1,39,2,2,2,2,4,3,49437,51505,53582,58310,57150,55961,3500,3500,6200,358,0,2100,1
17486,50000,2,3,2,41,2,2,2,2,2,2,23043,24064,24981,25473,25857,26298,1700,1600,1200,1100,1000,0,1
17487,60000,2,2,1,38,0,0,0,0,0,0,55120,47123,48367,48264,29144,27534,1735,1979,1443,988,974,2001,0
17488,160000,2,3,2,35,0,0,0,0,0,0,92509,88281,80435,79969,77108,76579,3472,3604,2972,3000,2228,2201,0
17489,50000,2,2,1,43,0,0,0,0,-2,-2,17870,9230,10000,0,0,0,1500,1000,0,0,0,0,1
17490,400000,2,1,1,48,-1,2,2,-2,-1,0,1908,1442,8162,-1010,3332,331,0,8513,457,4903,313,4816,0
17491,50000,2,2,3,39,0,0,0,0,0,0,49005,49407,45881,45784,50072,49112,6000,5000,5000,8000,4000,4000,0
17492,100000,2,3,2,31,0,-1,-1,0,-1,-1,15856,510,2279,1796,466,466,510,2279,1730,466,466,468,0
17493,100000,2,2,2,34,0,0,0,0,0,0,22173,22776,23837,24166,24216,24901,1372,1829,1554,1000,1000,586,0
17494,360000,2,1,2,35,-1,0,0,-1,0,0,1555,6392,3773,17917,21057,0,6000,3000,18117,5371,0,0,0
17495,30000,2,3,2,41,0,0,0,0,0,0,12001,12450,12040,12739,7610,7000,1485,1301,1000,152,140,780,0
17496,50000,2,2,1,32,0,0,0,0,0,0,36062,36345,10529,8337,2475,0,1500,1847,1000,0,0,0,0
17497,80000,2,2,1,28,2,0,0,0,0,0,52062,49884,22348,22063,8723,7254,2158,1708,1411,4,21,220,1
17498,150000,2,2,2,28,-1,-1,-1,-1,-1,0,326,326,326,326,652,326,326,326,326,652,0,326,0
17499,10000,2,3,1,33,2,2,2,0,0,0,7708,9912,9608,9639,9985,11084,2500,0,1200,500,1400,1,0
17500,200000,2,2,1,35,0,0,0,0,0,0,3773,7677,14704,8000,10285,16285,4000,7240,2000,2285,6000,1500,0
17501,30000,2,2,2,42,-1,-1,2,-1,-1,-1,836,1672,836,390,390,390,1672,0,390,390,390,0,0
17502,220000,2,1,1,37,0,0,0,0,0,0,152197,154167,158981,162348,164162,168013,6000,7300,7500,6000,6500,7000,0
17503,180000,2,1,2,28,0,0,0,0,0,0,161694,166198,168711,172263,174127,176335,7500,7000,7189,6000,5100,10000,0
17504,220000,2,1,2,30,0,0,0,0,0,0,204491,176733,174680,61523,61415,61982,7000,7500,2369,2000,2078,2500,0
17505,220000,2,1,2,29,-2,-2,-2,-1,-1,-1,0,799,0,5501,3816,15448,799,0,5501,3816,15448,4179,0
17506,390000,2,2,2,33,0,0,0,0,0,0,45818,144656,148366,99008,69990,71935,100000,6000,3704,2741,3314,2556,0
17507,350000,2,2,1,36,1,-2,-2,-2,-1,0,0,0,0,0,11525,11760,0,0,0,11525,235,2270,0
17508,560000,2,2,1,45,0,0,0,0,0,0,374663,382010,379652,387706,334908,341884,13195,13510,14292,11553,12130,11703,1
17509,240000,2,1,1,37,0,0,0,0,0,0,173677,176304,355496,176402,174440,172806,8000,9500,12448,6155,6453,6390,1
17510,410000,2,2,1,43,0,0,0,0,0,0,6917,7548,8726,9760,9570,8935,1130,2000,2200,312,500,363,0
17511,90000,2,2,2,36,1,-2,-2,-2,-2,-2,0,0,0,0,0,0,0,0,0,0,0,3500,1
17512,30000,2,1,2,31,0,0,0,2,0,0,28803,28635,30217,28919,29302,28603,1800,3600,0,1500,1500,3300,0
17513,40000,2,2,1,33,1,2,2,2,2,2,23734,24644,25749,26127,26401,25839,1600,1800,1100,1000,0,2300,1
17514,60000,2,2,2,46,0,0,0,0,0,0,39518,39558,41690,21151,30059,13046,1870,3002,1364,10000,474,490,0
17515,390000,2,2,1,41,0,0,0,0,0,0,216622,214504,212726,210556,208317,205339,7244,7500,7228,7103,7214,7000,0
17516,130000,2,2,1,35,0,0,0,0,0,0,80713,93349,68158,69208,54677,59601,28000,3500,3000,3000,10000,3500,0
17517,90000,2,2,2,32,3,2,2,2,0,0,27565,28613,29364,28596,30120,31285,1800,1500,0,2000,1650,1000,1
17518,300000,2,2,1,36,0,0,0,0,0,0,147051,138726,139649,104245,56788,57920,6700,5800,5000,2200,2200,2600,0
17519,220000,2,1,1,33,0,0,0,0,0,0,204205,210183,212877,189161,180715,171449,20000,10000,8140,8000,7000,10000,0
17520,20000,2,1,2,33,0,0,3,3,2,2,11391,16180,16635,16082,15529,16525,5000,1000,0,0,1400,0,0
17521,140000,2,3,1,35,0,0,0,0,0,0,119184,130939,90894,85805,85907,88615,14113,5000,3000,4000,4000,10000,0
17522,150000,2,6,1,47,0,0,0,0,0,0,89327,90666,91721,93063,92758,93876,4539,4218,4204,3296,3408,3416,0
17523,120000,2,3,1,44,0,0,0,0,0,0,16735,18150,19528,19065,18617,21381,2000,2000,2000,1000,3000,2000,0
17524,200000,2,2,1,37,1,2,0,0,0,0,7841,7569,9282,10155,12470,13571,0,2000,1155,2470,1265,0,0
17525,20000,2,2,1,40,0,0,0,0,0,0,4314,5190,6554,6895,5844,6079,1500,2000,1032,155,1000,0,1
17526,110000,2,2,1,41,2,2,2,2,2,2,23078,25883,25182,28945,28183,29869,3200,0,4200,0,2300,0,1
17527,290000,2,2,2,34,0,0,0,0,0,0,305781,310403,315048,314085,317631,315820,12012,12012,12012,11016,11088,12031,0
17528,210000,2,3,1,45,0,0,0,0,0,0,124147,81641,54971,37849,42240,32981,5000,5000,4000,5000,1500,4000,0
17529,370000,2,2,2,40,-2,-1,0,0,0,2,11403,191438,189957,188960,195476,184094,191446,7002,6854,15960,0,122400,0
17530,80000,2,3,0,41,0,0,0,0,0,0,69964,52041,39864,38934,38816,38850,3082,2500,2200,2000,2000,2000,0
17531,200000,2,3,1,42,-2,-2,-2,-2,-2,-2,1261,1261,1261,1261,1261,1256,1261,1261,1261,1261,1256,1880,0
17532,180000,2,2,1,35,-1,-1,-1,-1,-2,-2,1264,176,1247,0,0,0,176,1247,0,0,0,1768,0
17533,260000,2,2,2,35,0,0,0,0,0,0,131211,132175,133289,134642,137065,108328,4001,4215,4101,4000,3300,3300,0
17534,50000,2,2,1,43,0,0,2,2,0,0,17102,19805,21188,20550,21209,21713,3000,2000,0,1000,1000,1000,1
17535,150000,2,3,1,40,-1,-1,-1,-1,-1,-1,5916,5876,5956,5876,5496,5116,5876,5956,5876,5496,5116,5496,0
17536,190000,2,3,1,45,0,0,0,0,0,0,76433,78472,80548,81778,83082,84811,3300,3331,3359,2663,2751,3000,0
17537,160000,2,2,2,42,-1,-1,-1,-1,-1,-1,13849,40862,2239,552,19367,-1,40991,2252,553,19425,0,649,0
17538,180000,2,2,1,37,0,0,0,0,0,0,107337,48433,46325,47354,48323,49416,2000,1771,1800,1750,1893,2000,0
17539,130000,2,2,2,32,0,0,0,0,0,0,7469,8472,9143,9741,9713,9458,1138,1173,1138,477,400,600,0
17540,30000,2,2,1,47,0,0,2,2,2,2,27119,29243,31037,30908,29969,29488,2894,2559,800,600,1000,0,0
17541,100000,2,2,1,36,1,2,2,2,2,0,32196,31379,33862,35007,34147,35437,0,3000,2000,0,2000,3500,1
17542,20000,2,2,2,37,1,2,0,0,0,2,16174,15617,16646,17648,18819,17992,0,1285,1287,1458,0,644,1
17543,100000,2,2,1,43,-1,-1,-1,-1,-1,-1,1597,2491,1709,574,556,2306,2491,1709,574,556,2306,2562,0
17544,20000,2,2,1,40,0,0,0,0,-1,-1,10470,10186,9936,10790,230,-160,1145,1546,1400,390,73,19371,0
17545,20000,2,2,1,35,2,0,0,2,2,2,5890,7282,9455,9154,10001,10046,1500,2454,0,1000,350,0,1
17546,20000,2,3,2,48,0,0,0,0,0,0,17332,18600,17947,18758,19292,19201,1580,1367,1178,712,742,2000,0
17547,50000,2,3,1,42,2,0,0,0,2,2,31422,32420,33462,36199,36803,37566,1521,1563,3300,1500,1500,1600,1
17548,110000,2,2,1,38,2,2,0,0,0,2,41619,40650,41744,42783,47476,45355,0,1750,1750,5400,700,1000,1
17549,60000,2,2,1,48,0,0,0,0,0,0,50806,50980,51874,51808,16941,17295,2000,2100,1400,600,1000,1000,1
17550,50000,2,2,2,35,1,2,0,0,-2,-2,50421,41408,35929,0,0,0,0,2180,0,0,0,0,0
17551,200000,2,1,2,40,2,2,0,0,0,2,185696,181236,185410,189069,197736,183299,0,8600,8300,13257,917,7000,1
17552,360000,2,2,1,48,-2,-2,-2,-2,-2,-2,0,0,0,0,0,0,0,0,0,0,0,0,0
17553,110000,2,2,1,35,0,0,0,0,0,0,46640,47686,48737,50157,51560,52965,1600,1600,2000,2000,2000,2000,0
17554,230000,2,2,1,46,-1,-1,0,0,0,0,207,4090,5848,6849,9331,12687,4999,2655,1919,3400,3920,6655,0
17555,180000,2,2,2,39,0,0,-1,-1,-2,-2,2875,0,2125,0,0,0,0,2125,0,0,0,0,0
17556,180000,2,2,2,31,-2,-1,-1,-2,-2,-2,0,1152,3338,0,0,0,1152,3338,0,0,0,0,0
17557,50000,2,2,2,42,0,0,0,0,0,0,48080,48062,48667,49311,24663,24854,1763,2112,1756,324,336,351,0
17558,570000,2,1,1,39,-2,-2,-2,-2,-2,-2,2394,3872,3635,5130,7563,4889,3882,3653,5145,7573,4894,4232,0
17559,30000,2,2,1,45,1,2,2,2,2,2,13440,13923,17194,16625,17442,18016,1000,3500,0,1400,1000,1000,0
17560,140000,2,2,1,46,-1,-1,-1,-1,-1,-1,264,1024,264,1024,264,264,1024,528,1024,264,264,414,0
17561,50000,2,2,1,44,0,0,0,0,0,0,3351,4368,5391,6401,6528,6664,1077,1100,1106,233,241,243,1
17562,50000,2,1,1,35,0,0,2,2,2,0,44487,47438,46400,49276,48286,47915,4000,0,3700,0,2000,6000,1
17563,120000,2,1,2,35,1,-2,-1,-1,-1,-1,0,0,234,4394,3164,5700,0,234,4394,3164,5700,300,1
17564,120000,2,1,2,35,-1,-1,-1,-1,0,-1,2776,2549,2558,2577,249,1976,2549,2558,2577,0,1976,1000,1
17565,50000,2,2,2,45,-2,-2,-2,-2,-2,-2,330,330,4975,4810,330,330,330,4975,4838,330,330,330,0
17566,180000,2,2,1,40,-1,-1,-1,-1,-1,-2,899,2879,8750,9931,0,7760,2879,8750,9931,0,7760,3450,0
17567,80000,2,3,1,42,0,0,-2,-2,-2,-2,71650,0,0,0,0,0,0,0,0,0,0,0,0
17568,300000,2,1,1,43,-2,-2,-2,-2,-2,-2,-763,-754,-745,-1302,-527,-518,1000,1000,1100,1100,1000,2500,0
17569,80000,2,1,1,37,-1,-1,-2,-2,-2,-2,1330,0,0,0,0,0,0,0,0,0,0,0,0
17570,70000,2,2,2,34,2,0,0,0,0,0,71332,71122,70012,66541,31609,31259,2744,3239,3405,1085,1102,1155,1
17571,320000,2,2,1,40,0,0,0,0,0,0,96225,99606,100704,208794,213025,217400,5000,2704,108794,5123,5255,5333,0
17572,500000,2,1,2,35,0,0,0,0,0,0,12590,13598,14650,15559,14861,15173,1225,1277,1186,478,496,509,0
17573,250000,2,1,2,35,-1,-1,-1,-1,0,0,4807,10446,17904,99464,86180,36038,10446,17911,99738,4055,0,0,0
17574,230000,2,2,1,46,0,0,0,-1,-1,-1,8136,3590,2936,476,476,476,1500,1000,476,476,476,1685,0
17575,80000,2,3,1,45,0,0,0,0,0,0,35401,36399,37689,38580,39104,39484,1587,1877,1768,1292,900,1365,0
17576,170000,2,2,1,40,2,-1,2,-1,-1,-1,193,3760,3500,7190,9000,0,3760,0,7190,9000,0,0,1
17577,110000,2,3,0,31,0,0,0,0,0,0,89955,89989,84229,79288,73315,63818,7908,4000,5000,3000,3000,3000,0
17578,240000,2,1,2,31,0,0,-2,-2,-2,-1,43601,-15,-15,-15,-15,1185,0,0,0,0,1200,0,0
17579,150000,2,3,1,46,0,0,0,0,0,0,61510,62731,64047,65966,66671,68067,2240,2321,2980,2400,2468,2611,0
17580,90000,2,3,1,37,0,0,0,0,0,0,91193,91078,86785,79894,50546,34427,7006,5026,7031,6000,1345,1500,0
17581,100000,2,2,1,36,2,0,0,0,0,0,101483,101638,101461,101461,91752,91532,4500,5000,4000,3300,3400,15003,1
17582,30000,2,2,1,42,2,2,0,0,0,0,30149,28117,27761,28053,28249,23580,0,2000,1507,3100,3100,3100,1
17583,80000,2,2,1,40,2,0,0,-2,-2,-2,80934,82150,0,0,0,0,3800,0,0,0,0,0,1
17584,260000,2,2,1,49,-1,-1,-1,0,0,0,8046,2184,15475,10981,8566,4741,2184,15482,2000,3000,1000,5125,1
17585,200000,2,3,1,43,-1,-1,-1,-1,-1,-1,623,623,5477,623,623,773,623,5477,623,623,773,623,0
17586,20000,2,3,1,39,2,3,2,2,3,2,15307,14769,15232,16677,16119,16548,0,1000,2000,0,1000,1000,1
17587,160000,2,1,2,31,-1,2,-1,-1,-1,-1,1494,696,1395,898,894,2198,2,1399,903,896,2204,786,1
17588,70000,2,2,2,38,1,2,2,2,2,2,21047,22102,22949,23275,23596,23078,1700,1500,1000,1000,0,2100,0
17589,20000,2,2,1,43,0,0,0,0,0,0,6459,7470,8492,9547,20766,12197,1123,1145,1200,2000,3000,1000,0
17590,200000,2,1,1,45,-1,-1,-1,-1,-2,-2,632,337,670,0,0,0,337,670,0,0,0,451,0
17591,440000,2,3,1,49,0,0,0,0,0,0,386288,367400,347445,354373,307773,293357,14453,12611,13022,10572,10270,10722,0
17592,20000,2,3,1,43,4,3,2,2,0,0,20461,19833,20502,19461,19244,20130,0,1700,0,800,1600,1000,0
17593,110000,2,1,1,35,0,0,0,0,0,0,107905,101573,104079,104829,107400,105694,4000,5300,4000,4200,4000,3800,0
17594,130000,2,3,1,44,0,0,0,0,0,0,122264,125756,129159,127727,130334,0,3541,3497,2875,2607,0,0,0
17595,50000,2,2,1,33,0,0,0,0,2,2,40738,43923,45409,47718,46480,48756,4200,2500,3500,0,2800,1400,0
17596,290000,2,1,1,35,-2,-2,-2,-1,0,0,0,0,0,2262,5205,8114,0,0,2262,3000,3000,0,1
17597,480000,2,2,1,38,-1,0,0,-1,0,0,4658,10545,13258,51723,40511,37226,6000,3066,51800,5030,3039,3112,0
17598,310000,2,1,2,29,-2,-2,-2,-2,-2,-2,976,-7,-7,-7,1440,3079,0,0,0,1447,3094,0,0
17599,30000,2,2,1,30,0,0,0,0,2,0,24061,25156,25949,28478,27754,28186,1800,1500,3000,0,1001,2500,1
17600,500000,2,4,1,39,1,-1,-1,-2,-2,-1,-397,227,-37,-37,-37,213,2200,0,0,0,250,0,0
17601,80000,2,2,2,31,0,0,2,0,0,2,51160,54207,52775,53906,60099,61402,4500,0,2000,7100,2400,0,0
17602,100000,2,2,1,32,0,0,0,0,0,0,74136,72052,71007,69470,65424,64349,3200,3300,2910,2400,2340,2400,0
17603,70000,2,3,1,37,0,0,0,0,0,0,74117,72168,70177,65735,55468,53266,2589,2511,2254,2000,2000,1766,0
17604,210000,2,2,1,43,0,0,0,0,0,0,91152,92917,90651,85295,80416,76946,3348,3381,3400,2684,2744,2892,0
17605,180000,2,3,1,43,-1,-1,-1,-1,-1,-2,780,0,390,780,0,0,0,780,780,0,0,0,0
17606,50000,2,2,1,43,0,0,0,2,0,0,51229,46954,51221,49759,49820,50525,2100,5896,0,2000,1988,2000,0
17607,60000,2,1,2,34,0,0,0,0,-1,0,39505,43497,49449,57500,4749,9749,5000,7000,10000,4749,5000,10000,0
17608,50000,2,2,1,40,-1,-1,-1,-1,-1,-1,4860,8389,22049,8110,3164,10148,8389,22049,8117,3164,10148,7949,0
17609,70000,2,3,1,38,1,2,0,0,0,0,59020,57400,21868,13514,14303,14211,50,1379,1500,1000,1000,1000,0
17610,50000,2,2,2,36,0,0,0,0,0,0,81793,84360,89215,93908,14308,14808,2682,5000,5000,1000,500,302,0
17611,350000,2,1,1,42,-1,-1,-1,-1,-1,-1,360,360,360,360,510,510,360,360,360,510,510,360,0
17612,170000,2,2,1,45,0,0,0,0,0,0,156993,159482,161921,165863,128038,130931,8000,6500,7000,5000,5000,5000,0
17613,180000,2,2,1,32,1,2,2,0,0,2,146549,150151,142421,110713,84928,83307,7641,3,6003,5826,0,2855,0
17614,220000,2,1,2,30,0,0,0,-1,0,0,213525,141764,53019,143408,136786,130596,6439,2261,143408,4754,4740,5190,0
17615,80000,2,3,1,30,2,2,2,2,2,2,40654,41687,42719,43018,44013,45058,2000,2000,1300,2000,1900,1900,1
17616,360000,2,2,1,33,0,0,0,0,0,0,30198,58332,66062,57374,40963,100369,30000,10043,20073,30000,90000,948,0
17617,500000,2,1,2,31,-1,-1,-1,-1,-1,-1,1779,644,1138,643,628,905,644,1138,643,630,905,3111,0
17618,410000,2,1,2,31,0,0,0,0,0,0,309531,313646,270317,209076,191671,192848,11270,15325,9099,7016,7703,100000,0
17619,80000,2,1,1,32,-1,3,2,-1,0,0,4927,4693,3342,4844,3728,2612,0,0,4844,0,0,0,1
17620,180000,2,1,2,33,2,2,2,2,2,2,118656,125175,126899,127336,125273,134210,10000,5200,4000,1500,11000,1000,1
17621,280000,2,1,2,31,-1,-1,-1,-1,-1,-1,410,3977,1713,1430,6877,6479,3977,1726,1430,6877,6479,720,0
17622,20000,2,1,2,31,-1,-1,-1,-1,-1,-1,416,416,0,416,416,416,416,416,832,416,416,416,0
17623,30000,2,2,2,31,3,2,2,2,2,0,29078,28312,29733,29183,28082,27434,0,1900,2600,11,1500,1700,1
17624,200000,2,1,1,31,-1,-1,-2,-2,-1,-1,1203,0,0,0,5032,0,0,0,0,5032,0,0,0
17625,180000,2,1,2,32,-1,-1,2,2,0,0,10831,17816,18247,33230,5168,0,7201,1000,0,103,0,0,1
17626,140000,2,1,2,33,2,0,0,0,0,0,130104,131356,136107,128738,126491,125213,4900,7005,7000,4762,5000,5000,0
17627,130000,2,2,2,29,0,0,0,2,0,0,86584,88345,94597,92077,93272,96298,4100,8600,0,3500,7100,3600,0
17628,20000,2,2,1,30,0,0,-2,-2,-1,0,3366,0,0,0,2105,2105,0,0,0,2105,0,0,0
17629,120000,2,1,2,29,-1,2,-1,-1,0,-1,632,316,316,632,316,316,0,316,632,0,316,782,1
17630,50000,2,2,2,30,0,0,0,0,0,0,35758,36664,30897,14693,247,0,3000,3000,5000,0,0,0,0
17631,310000,2,2,1,30,-1,0,0,0,0,0,13768,17520,21218,40531,41630,51983,4000,4000,20003,3027,20006,10056,0
17632,420000,2,1,2,30,0,0,0,0,0,0,46209,26552,15189,13787,9199,4405,1543,2005,5000,2000,1000,240,0
17633,60000,2,2,2,30,0,0,0,0,0,0,10809,11160,10913,12469,6060,5382,3160,2604,2160,4060,3382,3751,0
17634,140000,2,1,1,30,1,-2,-2,-2,-2,-2,0,0,0,0,0,0,0,0,0,0,0,0,0
17635,80000,2,2,2,30,2,2,2,2,4,4,56761,58920,60385,64876,65245,63647,3700,3000,6100,2000,0,2000,1
17636,220000,2,2,1,31,0,0,0,0,0,0,79226,78693,78297,78980,77817,77569,3900,3500,4000,2700,3000,10000,0
17637,360000,2,2,1,33,0,0,0,-2,-2,-2,11596,11775,0,0,0,0,1058,0,0,0,0,0,0
17638,290000,2,1,2,29,0,0,0,0,0,0,10370,5681,7124,8038,4029,6059,1400,1507,2580,2050,2030,0,0
17639,260000,2,1,2,30,1,2,0,0,0,0,96549,94114,96689,101023,93738,96218,0,5000,6000,5000,4000,8000,0
17640,170000,2,1,2,29,0,0,0,0,0,0,24717,26659,28592,29364,29096,29353,3000,3000,2000,1000,977,5000,0
17641,200000,2,1,2,34,-2,-2,-2,-2,-2,-2,0,0,0,0,0,0,0,0,0,0,0,0,1
17642,140000,2,2,1,35,0,0,0,0,0,0,127794,120770,116399,112055,107364,107762,4317,4189,5411,3800,4024,4100,0
17643,170000,2,2,2,39,0,0,0,0,0,0,161277,162706,166677,167049,38377,33668,5856,7424,7169,1241,1187,1396,0
17644,220000,2,1,1,45,0,0,0,0,0,0,142389,143557,142698,145875,143254,145368,6200,7300,7510,5000,5000,5200,0
17645,230000,2,1,1,44,-1,-1,-2,-1,0,0,756,0,0,11660,11898,14898,0,0,11660,238,3000,1252,1
17646,360000,2,3,2,38,-1,-1,-1,-2,-1,-1,1638,3060,0,0,1444,-1382,3060,0,0,1444,1382,0,0
17647,340000,2,1,1,36,0,0,0,0,0,0,242518,247338,252656,257535,262670,266351,8849,9300,9200,9226,9530,10139,0
17648,360000,2,1,1,37,-2,-2,-2,-2,-2,-2,0,0,0,0,0,0,0,0,0,0,0,0,1
17649,90000,2,3,2,42,0,0,0,0,0,0,91240,92795,93557,47166,48406,49695,4895,4806,1547,3000,3000,1720,0
17650,130000,2,2,1,47,2,2,2,2,2,2,123896,120452,129137,129956,130946,130814,0,12200,4500,4502,5000,0,1
17651,80000,2,2,1,41,-1,-1,-1,-1,-2,-1,390,390,390,-390,0,1560,390,780,0,390,1780,0,1
17652,400000,2,1,1,41,0,-1,-1,-1,0,0,104083,8,1274,19143,20305,22063,8,1274,19143,1305,2063,1695,0
17653,240000,2,2,2,43,0,0,-1,-1,-1,-1,225159,216829,27620,24873,24511,24000,20000,27662,24873,24511,24000,37645,0
17654,10000,2,2,1,46,1,2,2,2,2,2,7660,8689,8403,9505,8889,10263,1306,0,1735,0,2000,0,1
17655,240000,2,1,1,41,-1,-1,0,0,0,0,3087,10839,16665,13039,9439,11378,10839,10000,3500,0,5000,5000,0
17656,130000,2,1,1,40,-1,-1,-1,-1,-1,-1,989,989,989,989,990,702,991,991,991,992,703,992,0
17657,20000,2,3,1,44,0,0,2,2,2,0,20313,20111,18057,18536,11532,19450,3030,0,2175,0,10000,931,0
17658,80000,2,2,1,40,0,0,0,0,0,0,37123,38317,20896,21604,22035,22496,2072,1651,1359,790,817,821,0
17659,250000,2,2,1,39,0,0,0,0,-1,-1,210262,58752,31707,13630,10000,10000,10073,10011,1000,10000,10000,10000,0
17660,30000,2,2,1,44,1,4,4,3,2,2,28864,30108,29367,28605,27855,29649,2000,0,0,0,2400,1300,0
17661,280000,2,2,1,42,0,-1,0,0,0,0,255527,256675,253682,260274,153516,156830,273844,13000,11000,8000,5866,8000,0
17662,290000,2,2,1,49,-2,-2,-1,2,0,0,-236,-236,11764,11186,6863,6179,0,12000,0,0,0,0,0
17663,500000,2,3,2,46,-1,0,-1,-1,0,0,24239,36674,1558,310852,301854,133761,15000,1558,310852,10000,5000,5000,0
17664,80000,2,2,1,40,1,2,0,0,2,0,63340,53262,39422,33954,29070,27785,6,2006,4000,0,1118,3000,0
17665,120000,2,2,1,47,0,0,0,0,0,0,97989,101458,103840,105646,86127,67269,5100,5500,5170,3543,3000,3238,0
17666,80000,2,2,1,48,0,0,0,0,0,0,49526,48304,27864,27033,27617,26761,1740,1800,1500,1000,965,1500,0
17667,210000,2,2,2,41,0,0,0,0,0,0,227271,211597,99865,77754,49529,30683,9000,4000,3018,2000,3000,3000,0
17668,100000,2,2,2,30,2,2,2,2,0,0,96604,94153,102623,100090,101511,103503,0,10000,0,4000,7816,0,1
17669,210000,2,1,1,41,1,-2,-1,-1,-2,-1,-28,-28,3330,0,0,300,0,3358,0,0,300,0,0
17670,500000,2,2,1,44,0,0,0,0,0,0,193136,186610,180153,173454,166546,159651,6610,6480,6230,5900,5720,5420,0
17671,230000,2,1,1,39,0,0,0,0,0,0,63370,64621,65380,66520,66343,63498,2305,2515,2370,2180,2500,2200,0
17672,110000,2,2,1,40,0,0,0,0,0,0,23303,23978,22369,20608,20608,20606,1511,1772,1320,750,745,747,0
17673,210000,2,1,1,46,0,0,0,0,0,0,112901,110089,108775,107090,104037,101337,4910,3939,3792,3657,3631,3500,0
17674,320000,2,2,2,35,-1,0,0,0,0,0,61687,59130,121486,22337,23358,13536,3500,3300,6000,5000,2000,3000,0
17675,140000,2,2,2,37,0,0,-1,-1,-1,-1,143118,140955,1876,1876,1876,3372,6400,1876,1876,1876,3372,104005,0
17676,40000,2,1,1,48,0,0,0,0,0,0,38549,37924,37648,38804,39651,40794,2000,1700,2000,2000,2000,2000,0
17677,280000,2,1,1,35,2,-1,0,0,0,0,47,97767,99036,96383,86060,62312,99007,5000,3027,6025,2001,1903,0
17678,220000,2,1,1,47,0,0,0,0,0,0,210753,188270,177515,166282,100244,-607,6426,7160,6495,3993,0,176566,0
17679,250000,2,2,1,37,0,0,0,-1,0,0,59023,102006,56412,37764,23876,16891,45000,2012,72791,16891,0,5617,0
17680,70000,2,1,2,34,0,0,0,0,0,0,36467,40505,43333,36959,27296,23474,5000,5000,1500,546,1000,1746,0
17681,70000,2,1,1,35,0,0,0,0,0,0,59795,60684,69521,45001,37214,23807,2479,10128,4086,1348,13032,10059,0
17682,300000,2,1,1,47,-1,-1,-1,-1,-1,-1,514,2392,148,148,148,0,2392,148,148,148,0,747,1
17683,50000,2,3,1,40,0,0,0,0,-1,0,117191,48729,49929,-596,28348,30530,2325,2525,283,29334,3000,2000,0
17684,70000,2,1,2,36,0,0,0,0,0,0,79640,75021,71101,73831,46898,48686,3000,2893,4231,8000,2500,1675,0
17685,50000,2,3,1,35,0,0,0,0,0,0,49930,48261,49027,49564,28609,28302,2300,3000,2503,1500,1204,2000,0
17686,250000,2,2,1,35,2,0,0,0,0,0,92966,37341,38905,35356,34978,35822,1641,2205,2000,2000,1000,1000,1
17687,120000,2,2,1,34,0,0,0,0,0,0,119287,116995,114061,116067,116294,118759,4400,4137,4400,4320,4500,4600,0
17688,70000,2,1,1,35,2,2,2,2,2,2,51143,53185,55030,56530,55027,58461,3500,3300,3000,0,4500,2500,1
17689,440000,2,1,1,40,0,0,0,0,0,0,416044,424528,434015,434419,393135,385578,16500,17500,17000,14500,14500,13500,0
17690,280000,2,1,1,41,0,0,0,0,0,0,96590,99755,81244,81193,82470,49630,5000,3000,3007,5000,2000,1700,0
17691,360000,2,1,1,42,0,0,0,0,0,0,174857,179851,186961,201703,189455,194373,10000,10005,20117,15018,10027,20057,0
17692,150000,2,1,1,43,-2,-2,-2,-1,0,-1,885,-123,-123,240,123,123,123,0,363,0,123,123,0
17693,300000,2,3,2,44,-2,-2,-2,-2,-2,-2,0,0,0,0,0,0,0,0,0,0,0,0,1
17694,20000,2,2,1,42,1,2,2,2,0,0,8395,8114,10293,9979,10329,10391,0,2479,0,515,377,617,0
17695,380000,2,2,1,38,0,0,0,-2,-2,-2,12538,6666,0,0,0,0,1000,0,0,0,0,0,0
17696,340000,2,2,1,44,0,0,0,-1,0,0,240851,171731,61404,114807,114560,85272,8297,4951,199726,4476,3257,3497,0
17697,210000,2,2,2,41,0,0,0,0,0,0,165425,169174,171459,177590,180147,184084,8000,6500,9000,7000,7000,7000,0
17698,60000,2,2,1,41,2,0,0,2,0,0,56483,55643,54941,50291,35829,36602,2203,4687,11,1500,1500,2000,1
17699,130000,2,1,1,46,0,0,0,0,0,-1,15393,16624,18932,22001,3403,3859,1593,3000,4000,0,3860,249,0
17700,340000,2,1,1,43,0,0,0,0,0,0,15928,18338,20035,24238,20315,16378,3000,2000,5000,1000,723,5000,0
17701,170000,2,2,1,49,-1,0,0,0,0,0,12769,13557,20245,15429,16594,14035,3557,8245,5429,4500,5415,6000,0
17702,360000,2,2,1,43,-1,-1,2,-1,2,-1,9011,4045,1780,2380,2230,2275,4045,0,4760,0,2275,2280,0
17703,60000,2,2,1,35,2,2,2,2,2,2,3167,5601,5366,6772,6515,7906,2500,0,1500,0,1500,0,0
17704,360000,2,1,1,37,-1,-1,-1,-1,-1,-2,5625,367,1726,396,-66,-66,368,1734,398,200000,0,150000,0
17705,280000,2,2,1,41,0,0,0,0,0,0,9551,12848,15345,19211,22817,37323,5000,5000,5000,5000,16000,0,0
17706,240000,2,1,1,34,-1,-1,2,-1,-1,-1,2799,855,858,1048,2695,0,855,3,1054,2695,0,0,0
17707,120000,2,1,2,34,-1,-1,-2,-1,2,0,17067,0,0,7304,7154,9055,0,0,7304,0,5000,1857,0
17708,90000,2,1,2,33,0,0,2,0,0,0,92725,94908,89711,91165,72263,72569,8500,0,4086,2600,3000,3000,0
17709,100000,2,1,1,34,0,0,0,0,0,0,101620,101747,100750,98953,99114,101501,4000,3838,3563,3563,4000,3475,0
17710,410000,2,1,1,34,1,-2,-2,-2,-2,-2,0,0,0,0,0,0,0,0,0,0,0,3996,0
17711,190000,2,1,1,43,2,0,0,0,0,0,191869,193660,174848,124776,92684,100151,7305,6099,4793,3684,12251,1265,0
17712,220000,2,1,1,36,0,0,0,2,0,0,184765,190691,206000,194930,130938,134664,9000,20000,0,5000,6000,8000,0
17713,90000,2,2,2,44,2,2,2,2,2,2,15089,17023,18451,17857,20256,20785,2500,2000,0,2700,1000,0,1
17714,120000,2,1,2,30,0,0,0,0,0,0,170263,157881,160796,160168,156165,158850,5520,5700,5815,5500,5522,6000,0
17715,10000,2,3,2,50,3,2,2,2,2,2,600,600,600,600,600,2050,0,0,0,0,1450,0,1
17716,500000,2,1,1,50,0,0,0,0,0,0,378981,372392,353719,348365,306196,303114,20002,16023,13009,10008,10000,20004,0
17717,120000,2,2,1,51,-1,-1,0,0,0,0,4777,60332,60702,58677,51549,46552,62462,2299,1919,1838,2200,90000,0
17718,120000,2,2,1,50,0,0,2,0,0,0,38261,58084,33018,19172,14938,21290,23000,0,10076,10000,10000,10000,0
17719,220000,2,1,1,51,-1,-1,-1,2,2,-2,2262,2255,8105,2224,150,1000,2276,8117,0,150,1000,2619,1
17720,240000,2,2,1,50,-1,-1,-1,2,0,0,978,193,386,579,386,193,193,386,386,0,0,536,0
17721,150000,2,1,2,36,1,-1,-1,-1,-1,-2,0,990,0,234,0,0,990,0,234,0,0,0,0
17722,500000,2,1,1,50,-1,-1,-1,-1,-1,-1,21794,12574,12608,-134,22466,1969,12610,12694,0,22600,16837,0,0
17723,150000,2,1,1,50,-1,-1,-2,-2,-2,-2,6350,0,0,0,0,0,0,0,0,0,0,0,0
17724,60000,2,2,1,49,0,0,0,0,0,0,58928,59446,56761,41130,27097,27331,2500,2300,1547,1396,1200,2000,0
17725,30000,2,3,1,50,2,2,2,2,-1,0,29468,29688,28919,28000,13393,10539,1000,159,28426,24682,12,0,1
17726,320000,2,2,1,53,0,0,0,0,0,0,319711,33589,34608,38544,44486,52319,3000,3000,6000,8000,10000,1900,0
17727,470000,2,1,1,61,-2,-2,-2,-2,-2,-2,228,5215,3161,762,3637,16847,5241,3176,766,3673,16906,1437,0
17728,440000,2,1,2,51,0,-1,-1,-2,-1,0,26106,8999,0,0,10961,11349,8999,0,0,10961,503,448,0
17729,50000,2,2,1,51,0,0,2,2,3,2,44664,48028,46985,50484,50404,50241,4110,0,4600,1000,2000,0,0
17730,220000,2,2,1,51,0,0,0,0,0,-2,36022,12838,8605,5352,-5048,-5048,3010,3040,1000,0,0,0,0
17731,360000,2,1,1,54,1,-2,-2,-1,0,-1,0,0,0,2580,2580,6941,0,0,2580,0,6941,0,0
17732,90000,2,3,1,58,-2,-2,-2,-2,-2,-2,5563,0,0,0,0,0,0,0,0,0,0,5156,0
17733,50000,2,3,2,60,2,2,2,0,0,0,46554,50774,49551,22673,17147,17505,5000,0,2300,1000,635,580,1
17734,50000,2,2,1,56,0,0,0,0,0,0,50586,46993,33136,34475,19666,19128,2000,2000,2000,1000,1259,1000,0
17735,290000,2,3,1,58,1,2,2,2,0,0,68445,66757,76983,74891,78100,83325,0,12000,0,5000,6000,0,0
17736,350000,2,2,1,50,0,0,0,0,0,0,263390,267494,205636,203844,204114,207448,10532,9219,8797,8004,10012,10006,1
17737,110000,2,3,1,52,1,2,0,0,0,2,23969,11137,16401,18670,19670,1187,0,6000,7000,1200,0,3000,0
17738,40000,2,2,1,53,0,0,2,2,0,0,4621,6527,7776,7502,7651,7811,2150,1500,0,274,283,436,1
17739,50000,2,3,1,59,1,-2,-2,-2,-2,-2,-639,-639,-1800,0,0,0,0,900,1800,0,0,0,1
17740,110000,2,1,1,55,-1,2,2,-1,0,-1,632,316,0,632,316,632,0,0,948,0,632,0,0
17741,360000,2,3,1,70,-1,-1,2,2,-2,-2,1960,732,735,-10,-10,-10,800,3,0,0,0,0,0
17742,200000,2,3,2,63,-1,3,2,-1,-1,-1,632,632,316,316,316,316,0,0,316,316,316,316,1
17743,140000,2,2,2,53,0,0,0,0,0,0,8068,9446,13271,11243,12091,12691,1535,5004,1451,1000,1000,3194,0
17744,80000,2,2,2,61,1,-2,-2,-2,-2,-2,0,0,0,0,0,0,0,0,0,0,0,0,1
17745,260000,2,2,1,56,0,0,-2,-2,-1,0,2338,0,0,0,58,1058,0,0,0,58,1000,1000,0
17746,340000,2,1,1,56,-1,-1,-1,-1,0,0,5610,5399,12347,8612,5479,0,5399,12353,8619,0,0,0,1
17747,30000,2,2,1,58,1,2,2,2,2,2,11223,10746,13545,13531,13017,14008,0,2993,500,0,1200,0,1
17748,30000,2,3,1,54,2,2,2,2,4,3,22147,24770,26068,28842,28094,27361,3000,2000,3500,0,0,1000,0
17749,440000,2,3,1,50,0,0,0,0,0,0,250825,167091,144804,67729,66077,60074,10043,8608,25031,25030,22053,20030,0
17750,10000,2,3,1,52,-1,2,2,2,2,2,2465,3475,4366,4148,4579,4360,1200,1100,0,500,0,500,0
17751,230000,2,2,1,55,0,0,0,0,0,0,7302,4561,5975,11072,10021,14431,2001,2001,6018,5007,5010,7053,0
17752,50000,2,3,1,61,-1,-1,-2,-2,-2,-2,2020,0,0,0,0,0,0,0,0,0,0,202,0
17753,150000,2,2,3,54,0,0,0,0,0,0,138765,135287,140600,142836,145714,148731,4772,6427,4951,4062,4188,4824,0
17754,330000,2,3,1,55,0,0,0,0,0,0,21333,25915,25036,21804,19228,18799,5000,5200,6000,4300,5000,4000,0
17755,370000,2,3,2,50,-1,0,-1,-1,-2,-2,48303,129317,1364,0,0,0,124174,2000,0,0,0,2463,0
17756,130000,2,3,2,53,0,0,0,0,0,0,101156,100184,99001,88214,90167,90682,3615,4700,3200,3403,3300,3500,0
17757,10000,2,3,1,51,3,2,2,7,7,7,2400,2400,2400,2400,2400,2400,0,0,0,0,0,0,1
17758,360000,2,2,1,54,0,0,0,0,0,0,277688,271867,272796,279597,253333,253737,10450,10414,11330,9081,9500,9000,0
17759,20000,2,3,1,61,1,-2,-2,-2,-2,-2,0,0,0,0,0,0,0,0,0,0,0,0,1
17760,180000,2,3,2,52,0,0,0,0,0,0,173065,171015,162516,163447,134939,135815,5902,7693,5464,4893,5095,4862,0
17761,80000,2,3,1,62,0,0,0,0,0,0,36088,37257,36288,37630,26424,27342,2100,2100,2400,1100,1500,1500,0
17762,50000,2,2,1,55,2,0,0,0,0,0,41696,41768,42561,42871,7606,11267,1674,2079,2001,500,4423,4000,1
17763,150000,2,1,2,64,1,2,0,0,0,0,157231,153171,148994,80196,74328,66806,3,6103,3220,3028,5052,15000,0
17764,30000,2,3,1,56,1,3,2,2,2,2,25158,24466,24087,25890,25175,26870,0,300,2500,0,2100,0,0
17765,50000,2,3,1,52,0,0,0,0,0,-1,5976,6405,6828,6229,390,390,2000,2000,1004,10,390,390,0
17766,20000,2,2,3,56,0,0,0,0,-1,-1,17977,19194,18405,0,380,-400,3000,1000,400,380,0,1720,0
17767,130000,2,3,2,55,0,0,0,0,0,0,116336,121544,128243,115204,101158,95895,10063,20000,10009,10000,5000,5000,0
17768,320000,2,3,2,53,0,0,0,0,0,0,188373,281060,261698,265703,175925,188982,276698,11020,11000,9486,20000,10000,0
17769,300000,2,3,1,62,-2,-2,-2,-2,-2,-2,0,0,0,0,0,0,0,0,0,0,0,0,0
17770,330000,2,1,1,53,0,0,0,0,0,0,304922,292517,211831,153841,156866,155679,14000,7507,6000,6171,6000,6000,0
17771,50000,2,2,2,53,0,0,0,0,0,0,51320,50602,50095,34120,33235,32377,1952,1979,1495,1144,1165,946,0
17772,70000,2,3,2,60,0,0,0,0,0,0,10083,11091,12117,13125,13407,13692,1184,1210,1218,500,500,543,0
17773,70000,2,3,3,58,0,0,0,0,0,0,70012,67714,68412,69016,69701,70898,2418,2500,2456,2500,3000,2533,0
17774,100000,2,3,1,58,0,0,0,0,0,0,96821,98389,97831,93937,78063,79707,3589,3656,3677,2763,2787,2881,0
17775,110000,2,2,1,54,2,2,2,0,0,2,95090,94938,91453,92097,96509,93773,3400,0,3290,7000,0,3500,1
17776,100000,2,2,1,58,2,2,2,0,0,0,86654,87851,85594,87095,88357,77155,3500,0,3300,2839,3000,4000,1
17777,160000,2,3,1,53,1,-2,-1,2,2,-2,0,0,3613,2722,0,0,0,3613,0,0,0,0,0
17778,70000,2,3,2,55,0,0,0,0,0,0,4664,5680,6703,7853,7316,7350,1100,1123,1273,407,300,300,0
17779,60000,2,2,1,59,4,4,4,5,4,3,54506,56998,59111,59595,58079,56892,4000,3601,2000,0,0,0,0
17780,80000,2,2,1,61,0,0,0,0,0,0,74156,73878,64656,60537,42610,42769,3000,2506,3008,3000,2000,3000,0
17781,100000,2,3,1,60,-1,-1,3,2,-1,-1,2178,4944,4709,2234,2267,2168,7300,0,0,2300,2168,2300,0
17782,230000,2,1,1,66,1,-2,-2,-2,-2,-2,0,0,0,0,0,0,0,0,0,0,0,142,1
17783,60000,2,3,3,64,0,0,-1,-1,0,0,15463,14046,218,12716,10686,10400,1410,218,12723,483,600,9132,0
17784,160000,2,2,1,58,-1,-1,-1,-1,-1,-1,1443,1443,1443,1443,1443,1443,1443,1443,1443,1443,1443,1443,0
17785,30000,2,2,1,55,0,0,0,0,-2,-2,13532,14647,15525,0,0,0,1647,1525,0,0,0,0,1
17786,310000,2,1,1,62,2,2,2,2,2,2,327289,323125,308878,314524,308637,283200,12500,2100,22053,10654,0,10450,0
17787,60000,1,2,1,46,0,0,0,0,0,0,57487,59228,60040,58722,19790,19250,2706,3004,1475,690,1000,1200,0
17788,50000,1,2,1,64,2,3,2,2,0,0,28433,27682,28403,27648,28202,30008,0,1459,0,1013,2264,0,0
17789,140000,1,3,1,58,2,0,0,0,0,0,98985,98702,96753,94310,92182,88818,4520,4034,5050,6034,3202,5000,0
17790,20000,1,2,2,27,-1,2,-1,-1,-1,-1,780,390,390,0,780,0,0,390,0,780,0,0,0
17791,10000,1,2,2,38,1,-2,-2,-1,0,0,-58,-58,-58,7242,8123,8993,0,0,7300,1000,1000,330,0
17792,80000,1,2,2,29,-1,0,0,-1,0,0,10278,5991,4457,75743,76343,76567,1085,1000,75743,2667,3395,1772,0
17793,50000,1,3,2,24,0,0,0,0,0,0,40751,30786,30285,14225,12668,10880,1627,3053,2005,550,400,1000,0
17794,160000,2,2,1,51,2,0,0,0,2,0,65312,67610,69908,78087,75255,78593,4000,4000,10000,0,5000,3000,1
17795,500000,2,1,2,51,1,-2,-2,-2,-2,-2,0,0,0,0,0,0,0,0,0,0,0,0,0
17796,470000,2,2,1,54,1,2,0,0,0,0,358581,351295,358671,367492,374249,381132,0,13033,14800,14359,13897,14425,0
17797,210000,2,1,1,54,-1,-1,-1,-1,-1,-1,1494,6545,11755,5808,3974,0,6555,11800,5818,4015,0,0,0
17798,50000,1,3,2,23,-1,-1,2,0,0,-2,1789,4249,4038,5275,0,0,2500,0,1500,0,0,0,1
17799,30000,1,1,2,24,2,0,0,0,0,0,29015,27080,25933,26319,28754,17491,1400,1800,1100,3000,500,1000,1
17800,50000,1,1,2,23,0,0,0,0,0,0,18666,15554,17159,8402,6646,7534,2000,2000,1500,500,1000,2000,0
17801,80000,1,1,2,24,0,0,0,0,0,0,77225,75429,71977,56023,47582,48039,3649,2502,2205,1702,1800,1908,0
17802,30000,1,2,1,23,2,2,2,2,2,2,27172,28224,29276,28635,30127,30525,1800,1800,150,2250,1000,0,1
17803,80000,1,5,2,24,0,0,0,0,0,0,52991,50195,44410,22649,20650,0,2121,2358,3123,1500,0,0,0
17804,150000,1,1,2,28,-2,-2,-2,-2,-2,-2,5797,434,11021,6253,6257,4152,436,11086,6284,6288,4172,3207,0
17805,170000,1,2,2,27,0,0,0,0,0,0,169106,141998,134212,133450,127020,123490,5000,5508,5915,3000,4000,4000,0
17806,220000,1,2,2,30,-2,-2,-2,-2,-2,-2,15872,19053,19303,19867,12826,19847,20066,20063,20057,12863,20061,13191,0
17807,30000,1,2,2,35,2,0,0,2,2,2,18915,20290,24727,24031,25579,25030,2000,5100,0,1949,0,912,1
17808,100000,1,2,2,23,-1,-1,-1,-1,-1,-1,291,291,291,291,291,291,291,291,291,291,291,291,0
17809,10000,1,2,2,24,3,2,2,3,3,3,1050,1050,1050,1050,1050,1050,0,0,0,0,0,0,1
17810,140000,1,2,2,24,-1,-1,-1,-1,-1,-1,6312,-148,8431,11034,5040,7838,0,8579,11034,5040,7838,11737,1
17811,50000,1,2,2,24,1,2,2,2,2,2,25932,24924,22599,24613,23922,25481,1800,0,2700,0,2100,0,0
17812,20000,1,2,2,22,0,0,0,2,0,0,8785,8134,9992,10526,11049,11865,1142,2000,1000,1000,1000,1000,0
17813,10000,1,2,2,22,1,2,2,2,2,2,6829,6571,8950,8658,9413,9117,0,2500,0,900,0,971,1
17814,50000,1,2,2,24,0,0,0,0,0,0,49989,48512,43701,40429,9727,9606,1800,2000,1118,1000,500,1000,0
17815,10000,1,3,2,22,1,-1,0,0,0,0,0,7492,8589,9365,7740,1000,7492,1224,1000,175,0,0,0
17816,30000,1,2,2,23,0,0,0,0,0,0,30620,30432,30263,29418,30275,0,2000,2500,1200,1000,0,0,0
17817,50000,1,2,2,23,0,0,0,0,0,0,49283,48570,49362,47907,18145,17495,1781,3264,1400,3000,350,133,0
17818,100000,1,2,2,24,0,0,0,0,0,0,87478,88627,92187,95030,29470,3470,3500,5000,5000,4000,3000,5000,1
17819,20000,1,3,2,24,0,0,0,0,0,-1,18661,17895,19598,19701,3486,199,1400,2000,1000,400,199,0,0
17820,20000,1,2,2,25,0,0,0,-2,-2,-2,17584,20000,0,0,0,0,3000,0,0,0,0,0,0
17821,100000,1,2,2,25,0,0,-1,-1,-1,-1,49199,48285,390,390,390,390,1000,390,390,390,390,390,0
17822,50000,1,2,2,25,1,2,0,0,0,0,15491,15934,17168,18376,19068,19760,1000,1500,1500,1000,1000,2500,1
17823,100000,1,1,2,24,-1,0,0,0,0,0,33921,34920,36030,37173,35875,36263,1563,1673,1816,1213,1248,1212,0
17824,30000,1,3,2,25,2,0,0,0,0,2,23421,24228,25331,26347,27508,30118,1500,1500,1439,1600,3200,0,1
17825,50000,1,2,1,25,0,0,0,0,0,0,42238,43259,35307,23096,18970,19514,1807,1405,1366,1000,1000,1000,1
17826,50000,1,2,2,25,-2,-2,-2,-2,-2,-2,-1587,-5174,-2587,-2587,-2587,-2587,0,0,0,0,0,0,1
17827,50000,1,1,2,25,0,0,0,0,0,0,60200,61600,71000,73000,78000,80000,2000,10000,2000,5000,2000,0,0
17828,50000,1,5,2,23,0,0,0,0,0,0,42407,13244,48845,43129,28385,23876,7275,47166,12064,12176,780,6200,0
17829,50000,1,1,2,25,0,0,0,0,0,0,48848,48208,48265,43451,19790,17790,1845,1967,1400,396,0,0,0
17830,50000,1,2,2,25,0,0,0,0,0,0,50547,49480,50643,48123,18092,28728,1900,2000,2000,2000,11041,1056,0
17831,380000,1,2,2,26,0,0,0,0,-1,0,64900,43514,10626,312,986,284729,2600,1626,312,1007,284069,11340,0
17832,50000,1,1,2,24,2,0,0,2,0,0,5524,6474,8896,7088,7109,6898,1500,2700,0,500,500,500,1
17833,30000,1,2,2,24,2,4,3,2,0,0,31529,30752,29991,29192,28210,28543,0,0,0,1100,1300,2000,0
17834,150000,1,2,1,25,-1,-1,-1,-1,-1,-2,890,-180,101,480,0,0,0,281,600,0,0,0,0
17835,180000,1,2,2,25,0,0,0,0,0,0,12891,14275,15737,16603,17395,17182,1600,2000,1500,1003,1003,1006,0
17836,80000,1,3,2,26,0,0,0,0,0,0,79558,81906,76228,76841,9534,7371,3694,3470,3305,500,300,500,1
17837,110000,1,2,2,24,2,2,2,2,2,2,98428,101402,104878,105325,102220,107970,5500,6600,3700,0,7500,0,1
17838,30000,1,3,2,25,0,0,0,0,0,0,23075,23996,25407,27312,8810,6355,2000,2500,3000,178,1000,0,0
17839,110000,1,2,2,25,0,0,2,0,0,2,23459,27157,26549,34222,44062,45036,4000,0,9000,10700,1700,0,1
17840,280000,1,2,2,26,0,-1,-1,-1,-1,-2,51951,25360,6183,261,-91,-91,25486,6213,262,0,0,18342,0
17841,10000,1,2,2,23,0,0,-1,0,0,0,5583,8959,4408,9071,9038,5005,5000,7000,5000,5000,1000,10000,1
17842,10000,1,2,2,23,-1,-1,-1,-1,-1,-1,1473,1863,0,390,390,780,1863,0,390,390,780,0,0
17843,20000,1,2,2,24,2,2,2,2,2,2,16239,16276,16715,18327,17735,19446,600,1000,2200,0,2000,0,0
17844,170000,1,2,2,26,0,0,0,0,0,-1,85914,78411,57061,49734,14285,136394,10050,5050,6000,3561,139898,6000,0
17845,20000,1,3,2,26,3,3,2,0,0,0,21667,21081,19661,26158,13560,15324,0,25,2000,1000,2000,1000,1
17846,130000,1,2,2,22,0,0,0,0,0,0,120479,98341,132260,127335,51104,50536,5601,103012,3965,3508,3011,3033,0
17847,200000,1,1,2,26,2,2,2,2,2,2,196979,200055,202494,162228,154294,147514,7800,7500,0,6700,5000,7000,1
17848,250000,1,2,2,26,0,0,0,0,0,0,115497,114716,117212,112623,110178,108176,3835,4068,3859,3597,3822,3825,0
17849,80000,1,2,2,27,0,0,0,0,0,2,48329,45920,47186,46882,49170,48269,5004,5013,5000,4000,0,2002,0
17850,180000,1,1,2,27,-1,0,0,0,0,0,3210,13852,6482,3246,2016,2334,12000,5004,1000,1000,2300,3000,0
17851,120000,1,2,2,28,0,0,0,0,0,0,70124,71355,72962,58163,33358,16829,3000,2830,1600,3600,300,1000,0
17852,20000,1,2,2,26,1,2,2,2,0,0,16167,15615,18047,17322,17122,0,0,3000,0,0,0,0,0
17853,150000,1,1,2,26,0,0,0,0,0,0,26443,27996,28963,8355,10355,12355,2000,2000,2000,2000,2000,2000,0
17854,190000,1,2,2,26,-1,0,0,0,0,0,2204,3479,4886,6258,8969,9009,1800,1797,1785,3142,490,2000,0
17855,210000,1,1,2,27,0,0,0,0,0,0,42585,43304,45622,47232,47583,53032,8000,5000,4000,3000,8000,3000,0
17856,180000,1,2,2,27,0,0,0,0,0,0,147310,152047,143809,112323,112208,113887,7503,30018,4011,3802,4106,4006,0
17857,50000,1,2,2,28,0,0,0,0,0,2,48431,45008,40226,41256,43962,44913,1700,2000,1700,3400,1800,0,0
17858,140000,1,1,2,25,0,0,0,0,0,0,92465,93536,96820,97000,97467,79872,3500,4790,3092,3148,2981,3912,0
17859,80000,1,2,2,26,-2,-2,-2,-2,-2,-2,2970,-10,-10,-10,16587,0,0,0,0,16597,0,0,0
17860,80000,1,2,2,27,0,0,0,0,0,0,81752,80638,45240,43967,45302,49646,3069,2500,2000,2000,5012,2000,1
17861,80000,1,2,2,25,2,0,0,0,0,-2,76915,78270,79693,20335,0,0,3149,3039,1550,0,0,0,0
17862,20000,1,2,2,28,0,0,0,0,0,0,8723,10265,12086,13180,13660,14288,2000,2000,1600,1000,1000,1000,0
17863,10000,1,2,1,26,3,2,2,7,7,6,2400,2400,2400,2400,2400,1800,0,0,0,0,0,0,1
17864,30000,1,2,2,26,1,3,2,2,2,2,14773,14252,13738,15424,14881,15894,0,0,2226,0,1406,0,1
17865,240000,1,1,2,27,-1,-1,-1,-1,-1,-1,19365,1928,4879,11650,12614,7922,5534,4879,11650,12614,7922,6980,0
17866,50000,1,2,2,28,1,-1,0,0,0,0,-727,50268,50860,40580,44532,46442,53860,3000,5000,5000,3000,1784,0
17867,90000,1,2,2,26,-1,2,-1,0,0,0,481,1149,39674,38968,39853,8064,1000,39674,1200,1217,1025,500,1
17868,60000,1,1,2,28,-1,0,0,0,0,0,40784,41723,42665,43254,43757,44378,2001,2001,1690,1501,1617,1502,0
17869,100000,1,2,2,28,0,0,0,0,0,0,9125,10664,12183,13670,15129,15732,2000,2000,2000,2000,1000,2000,1
17870,120000,1,1,2,28,-1,-1,-1,-1,0,0,4660,5929,1774,76528,73164,72721,6074,1774,119366,3484,2600,3000,0
17871,10000,1,2,1,28,0,0,0,0,0,0,1474,2641,3745,4642,5642,6342,1196,1300,1000,1000,700,1208,0
17872,70000,1,2,2,28,1,2,2,2,2,2,26357,27223,27492,28738,27977,30022,1600,1000,2000,0,2500,0,1
17873,60000,1,1,2,28,0,0,0,0,0,0,26129,30544,21712,23284,24945,25402,5000,2000,2000,2000,2000,2000,0
17874,130000,1,1,2,29,0,0,-2,-2,-2,-2,120000,0,0,0,0,0,0,0,0,0,0,0,0
17875,30000,1,3,1,30,3,2,2,7,7,7,2400,2400,2400,2400,2400,2400,0,0,0,0,0,0,1
17876,360000,1,1,2,30,-1,-1,-1,-1,0,-1,2020,28057,6085,90872,81622,11576,28057,6179,90872,0,11576,8718,0
17877,80000,1,2,2,30,0,0,-1,-1,-1,-1,31299,37446,539,16673,21473,10715,20000,539,16673,21473,10715,10000,0
17878,20000,1,2,2,27,0,0,0,0,0,0,15993,17016,18356,19028,38688,19897,1600,1621,1293,830,1548,626,0
17879,50000,1,2,2,28,0,0,0,2,0,0,8608,10300,12711,12210,12508,13306,2000,2900,0,500,1000,1000,0
17880,80000,1,3,2,27,1,-2,-2,-2,-2,-2,0,0,0,0,0,0,0,0,0,0,0,0,1
17881,150000,1,1,1,27,-1,-1,-1,-1,-2,-2,390,0,780,0,0,0,0,780,0,0,0,0,0
17882,60000,1,2,2,27,0,0,0,0,2,0,26437,27741,28465,31040,29827,28254,1701,1425,3000,0,955,942,0
17883,220000,1,2,2,28,0,0,0,0,0,0,59247,60200,60360,61168,57287,62208,6000,3037,4000,4000,15000,3000,0
17884,10000,1,3,2,23,0,0,0,0,0,0,5807,6974,7838,9002,9182,9729,1270,1134,1298,478,847,0,0
17885,50000,1,2,2,26,2,0,0,0,0,0,49586,49865,41132,31538,28896,28315,2268,2200,1917,1200,1030,1300,0
17886,50000,1,1,2,26,0,0,0,0,0,0,48924,48593,49459,50160,49244,50531,2200,2200,1890,2000,2000,1800,0
17887,220000,1,1,2,28,0,0,0,0,0,0,22399,24203,24081,25356,20952,18340,3000,2000,2000,1000,1200,900,0
17888,450000,1,1,2,29,1,-2,-2,-2,-2,-2,1261,1261,1261,1261,1261,1261,1261,1261,1261,1261,1261,1261,0
17889,240000,1,2,1,33,1,2,2,0,0,2,172618,174842,141471,39578,46489,45632,6765,0,2000,7592,0,140000,0
17890,500000,1,2,2,29,0,0,0,0,0,0,39345,40382,40740,16316,10705,-42,2014,4135,3256,53,0,36368,0
17891,170000,1,1,2,28,0,0,0,0,0,0,56061,57179,58450,58556,51671,51090,2051,2197,1934,1793,2500,2000,0
17892,100000,1,2,2,29,2,0,0,0,0,2,43531,45103,45779,46912,49715,48791,2600,2200,2200,3900,0,6100,1
17893,60000,1,1,2,29,-1,-1,2,0,-1,-1,816,2440,1444,1634,1335,1825,2440,0,1000,1335,888,150,0
17894,200000,1,1,2,30,-1,-1,-1,-1,0,0,6589,3423,2785,54271,60326,63339,3449,2798,54271,7000,4000,6000,0
17895,200000,1,2,2,27,2,0,0,0,0,0,189605,191628,180604,181273,180385,185370,14635,10019,8029,7010,10022,7049,1
17896,20000,1,1,2,28,0,0,0,0,2,2,3202,4978,7720,9907,9627,11500,2000,3000,2500,0,2000,5,0
17897,40000,1,2,2,27,1,3,2,0,0,0,41520,40568,39620,38464,38569,70659,0,7,2500,1500,1500,2976,1
17898,110000,1,1,2,27,0,0,0,0,0,0,87487,90120,93661,96185,99667,102978,5000,5000,5000,5000,5000,4000,0
17899,10000,1,2,1,27,0,0,0,0,0,0,10128,9859,9607,9818,10013,9824,1151,1160,1151,346,350,354,0
17900,100000,1,2,2,28,0,0,0,0,0,0,32480,33237,34300,35623,35515,36413,1600,1600,1901,1275,1470,1400,0
17901,50000,1,2,2,28,1,2,2,-2,-2,-2,52753,51400,0,0,0,0,0,0,0,0,0,0,0
17902,30000,1,3,2,28,0,0,0,0,-1,-1,11064,10030,9019,7970,1479,1635,1159,1159,1000,1479,1635,780,0
17903,30000,1,2,2,28,1,-2,-2,-2,-1,-1,0,0,0,0,2805,0,0,0,0,2805,0,0,0
17904,50000,1,2,1,29,3,2,2,4,4,4,400,400,400,400,400,400,0,0,0,0,0,0,0
17905,20000,1,3,2,29,1,2,0,0,0,0,5957,4909,5865,17935,19353,20094,0,2000,13500,2500,2000,1500,1
17906,50000,1,2,2,30,0,0,0,0,0,-2,26666,21062,6495,2207,0,0,2000,2000,1000,0,0,0,0
17907,60000,1,2,2,28,2,2,2,0,0,0,61743,62197,59892,60228,57969,55220,2800,0,3000,3000,3000,23000,1
17908,50000,1,2,2,32,-1,-1,2,0,0,-1,1473,5486,3787,3246,1473,390,5486,0,1000,0,390,1090,1
17909,130000,1,3,1,34,2,2,2,2,0,0,69388,70650,71933,70117,72014,73759,3000,3000,0,3000,3000,3111,1
17910,20000,1,2,2,25,0,0,2,2,2,0,14193,16489,15936,18015,17431,18000,2850,0,2355,0,1000,900,1
17911,100000,1,2,2,28,2,0,0,0,2,0,58566,56770,56300,54288,25759,25775,5100,2825,5000,0,2000,0,1
17912,20000,1,2,1,38,0,0,0,0,0,0,8337,11191,12219,14009,15773,17515,3000,1210,2000,2000,2000,1200,1
17913,150000,1,3,2,44,0,0,0,0,0,0,151009,148047,147851,151310,107033,109350,6913,5937,6500,4000,4000,4000,0
17914,70000,1,1,2,33,0,0,0,0,0,0,62615,63845,65443,65169,64370,15082,2870,3224,1680,3000,142,142,0
17915,250000,1,1,1,40,0,0,0,0,0,0,7351,6225,3645,3090,3700,1190,3039,2000,1000,1000,0,90403,0
17916,50000,1,3,1,32,2,2,3,2,2,2,38023,39589,40160,40796,41526,42209,2500,1500,1600,1700,1500,3600,1
17917,90000,1,2,1,34,0,0,0,0,0,0,86371,85679,87036,88742,49148,48396,3073,3700,3374,1543,1405,1500,1
17918,90000,1,2,2,32,0,0,0,0,0,0,73814,73132,67854,53952,47277,35547,3700,4100,3900,3000,2200,1000,0
17919,120000,1,1,2,33,2,2,2,2,2,2,87310,89273,91057,91981,89605,95245,4300,4100,3300,0,7100,0,1
17920,240000,1,2,2,25,0,0,-2,-2,-2,-2,24640,0,0,0,0,0,1700,0,0,0,0,0,0
17921,50000,1,2,2,25,0,0,0,0,0,0,43785,38971,34836,18488,19716,17932,1795,1660,1272,1500,644,704,1
17922,100000,1,2,1,29,2,2,2,2,3,3,81839,82781,85536,90018,91151,89429,3200,5000,6800,3500,0,3400,1
17923,390000,1,3,1,49,0,0,0,0,0,0,282849,281836,284397,284241,285615,282611,12000,13000,12000,12000,10266,9800,0
17924,50000,1,3,1,36,2,0,0,0,0,0,47097,46006,36272,11521,2678,5468,1796,1284,1060,100,99,273,1
17925,40000,1,2,1,44,2,2,2,2,2,2,24262,26640,25927,28184,28723,28125,3100,0,2700,1300,0,2500,1
17926,190000,1,2,1,38,0,0,0,0,0,0,194670,194690,189950,194092,192638,189113,9000,8400,8800,7500,7100,7450,0
17927,10000,1,2,1,40,3,2,2,3,3,3,1050,1050,1050,1050,1050,1050,0,0,0,0,0,0,1
17928,10000,1,2,1,44,0,0,2,0,0,0,6696,9080,8794,9604,9604,9800,2668,0,1192,0,196,0,0
17929,180000,1,1,2,30,-1,-1,-1,-1,-1,-1,4027,2130,25770,11475,69910,21949,2130,25770,11475,69910,21949,11600,0
17930,230000,1,2,2,31,0,0,0,0,0,0,170041,174811,177733,182106,183965,186979,9800,6418,8000,7000,6618,11000,0
17931,20000,1,2,2,31,0,0,0,2,0,0,12214,13694,16660,16100,17521,19237,2000,3200,0,2000,2000,0,0
17932,230000,1,2,2,32,2,0,0,0,2,2,253935,237858,242378,235163,234032,225822,10183,10057,19000,9100,0,16500,1
17933,200000,1,1,2,32,0,0,0,0,0,0,190530,194796,194205,195154,166778,167833,9000,9000,8000,6900,6000,6000,0
17934,470000,1,1,2,34,0,0,0,0,0,0,57566,55340,43455,33039,18638,14202,5344,3457,1520,1659,2208,75938,0
17935,150000,1,1,3,45,0,0,0,0,0,0,108434,111178,32220,33247,34164,34878,3000,1300,1300,1200,1200,0,0
17936,70000,1,3,1,37,0,0,0,0,0,0,71742,70978,70949,68782,68100,68677,2721,2714,2632,2600,2800,2573,0
17937,50000,1,2,2,37,0,0,0,0,0,0,49473,48970,46220,47459,27056,28452,2314,2261,2500,2000,2000,1500,0
17938,80000,1,1,2,35,0,0,-1,0,0,0,75734,93507,78716,53109,28973,24705,20000,79239,2516,1023,2000,1000,0
17939,330000,1,1,1,40,0,0,0,0,0,0,309055,314927,322077,166654,170008,174723,12500,13306,6000,6000,7333,8000,0
17940,140000,1,2,2,33,0,0,0,0,0,0,133336,134483,131805,107950,88622,85165,5000,5000,4005,3500,3500,3000,0
17941,70000,1,2,2,44,2,2,2,2,2,2,43314,44325,45375,44350,46996,47951,2025,2051,0,3697,1853,1910,1
17942,280000,1,2,2,32,0,0,0,0,0,0,35038,36558,39070,40545,42995,46278,2000,3000,2000,3000,4000,7200,0
17943,150000,1,3,2,30,0,0,0,0,0,0,80220,47272,141568,97990,96017,79743,3095,135332,2848,2330,2204,2100,0
17944,80000,1,2,1,35,0,0,0,0,0,0,79875,77201,78535,79296,75274,78051,4000,3500,3322,3000,5007,3000,0
17945,120000,1,1,1,42,0,0,2,2,2,0,7722,9591,10687,11905,11420,12081,2000,1400,1700,0,1000,700,1
17946,50000,1,2,1,45,0,0,0,0,0,2,14488,15798,16867,17759,19354,17726,1558,1627,1519,2114,0,600,0
17947,230000,1,2,1,43,0,0,0,0,0,2,3472,4053,4503,4964,4400,3979,1061,1275,1000,200,0,227,0
17948,160000,1,2,2,36,1,-2,-2,-2,-2,-1,0,0,0,0,0,1000,0,0,0,0,1000,0,0
17949,50000,1,3,2,37,0,0,0,0,0,0,28951,29631,29177,29544,19863,18812,1765,1653,1400,0,0,300,0
17950,100000,1,3,1,49,0,0,0,0,0,0,82214,74983,71958,68808,68769,68955,2659,2656,2372,2360,2574,2759,0
17951,200000,1,2,1,43,2,3,2,2,2,2,94529,92126,94772,92368,101837,103764,0,5000,0,12000,3700,0,1
17952,170000,1,2,1,36,1,2,0,0,0,0,158954,139482,139869,139956,141431,149946,7,6513,6548,5300,11001,0,0
17953,50000,1,2,1,43,0,0,0,0,0,0,25387,25435,23268,23365,19602,18462,1374,1418,1295,677,669,686,0
17954,200000,1,3,1,46,-2,-2,-2,-2,-2,-2,0,0,0,0,0,0,0,0,0,0,0,0,0
17955,200000,1,2,1,39,-1,-1,-1,-1,-1,-2,1543,1109,1048,1294,0,0,1109,1048,1294,0,0,0,0
17956,50000,1,3,2,41,0,0,0,0,0,0,43383,43397,43395,42334,12316,9997,1992,2251,1451,540,503,430,0
17957,50000,1,3,2,45,0,0,0,0,0,0,35962,34725,33219,31688,29425,29747,1857,1851,1820,1057,3300,0,0
17958,300000,1,2,1,39,-1,-1,-2,-2,-2,-2,29997,592,1049,-25,-25,-25,598,1057,0,0,0,0,0
17959,130000,1,2,2,32,0,0,0,0,0,0,21395,31030,40523,54838,78769,82478,10000,10000,15000,25000,5000,5000,0
17960,80000,1,1,2,33,2,2,2,2,2,2,67206,65537,69361,67647,72524,74068,0,5500,0,6000,3000,0,1
17961,120000,1,1,2,34,0,0,0,2,0,0,32773,28002,32493,16258,8871,2000,1509,5000,7,0,2000,1666,0
17962,140000,1,1,2,32,0,0,0,0,0,0,130134,131475,137236,121914,71210,72778,5000,8000,5485,5000,3000,2000,1
17963,220000,1,1,2,48,0,0,0,0,2,0,113061,115294,117945,130365,126780,129570,5600,6000,16000,0,5000,6300,0
17964,70000,1,2,2,32,0,0,0,0,0,0,71336,70393,131412,63823,52339,40836,3609,2523,2441,3038,2029,70004,1
17965,20000,1,3,2,45,0,0,0,0,0,0,18416,13656,9022,5961,3970,780,1303,1518,1000,79,0,0,0
17966,200000,1,1,1,49,1,-1,-1,-1,-1,-1,0,492,0,489,320,732,492,0,489,320,732,5335,0
17967,20000,1,2,1,31,1,2,2,2,2,2,6313,6559,7789,8505,9212,8922,500,1500,1000,1000,0,400,1
17968,510000,1,1,2,32,0,0,0,0,0,0,63573,62933,62320,61012,60519,58856,2900,3000,2400,2500,1800,1900,0
17969,450000,1,1,2,34,-1,2,-1,2,-1,-1,42713,6496,9341,2857,83527,0,0,9511,20,84000,0,116,0
17970,50000,1,2,1,34,0,0,0,0,0,0,45459,45695,45866,46165,10142,10825,2000,3000,2200,1200,1000,1000,0
17971,120000,1,2,3,48,0,0,0,0,0,-2,61673,60679,61943,58744,-36156,-36156,2345,3419,5026,15651,0,0,0
17972,50000,1,3,1,45,1,-2,-2,-2,-2,-2,0,0,0,0,0,0,0,0,0,0,0,0,1
17973,280000,1,2,2,31,0,0,0,-2,-2,-2,4821,3469,0,0,0,1047,1017,0,0,0,1047,56970,0
17974,30000,1,1,2,33,4,3,2,2,2,2,22303,21657,21022,23661,22983,25607,0,0,3000,0,3000,0,1
17975,20000,1,2,1,35,1,2,0,0,0,2,5659,5422,6283,7454,8181,7905,0,1107,1278,1005,0,300,0
17976,80000,1,2,1,42,0,0,0,0,0,0,78216,62890,52973,52328,49214,50245,2115,5004,1834,1562,1621,2196,0
17977,120000,1,2,1,45,0,0,0,0,0,0,52574,47092,44208,32652,24115,20399,2000,2000,1256,1000,750,623,0
17978,370000,1,2,1,38,0,0,0,0,0,0,189567,183292,187344,192213,193602,196470,8000,8000,9000,7000,7000,6500,0
17979,50000,1,2,2,45,0,0,0,0,0,0,30359,28717,16177,15949,14319,17319,2000,2000,2000,1000,3000,2200,0
17980,20000,1,3,2,39,0,0,0,0,0,0,30892,16348,13593,10236,17541,16322,5000,2015,3000,10005,3414,270,0
17981,160000,1,2,1,36,0,0,0,0,0,0,59675,61085,62503,63867,65206,69584,3000,3000,3000,3000,5600,2600,0
17982,170000,1,3,2,44,0,0,0,0,0,0,167077,170965,172541,159546,137410,136680,12275,10000,8009,6000,30000,5322,0
17983,100000,1,2,2,36,0,0,0,0,-2,-2,2069,3521,5399,0,0,0,1500,2000,0,0,0,1700,0
17984,210000,1,1,1,42,-1,-1,-1,-1,-1,-1,2827,3517,4412,2700,3578,4075,3527,4425,2708,3588,4087,1841,0
17985,100000,1,3,2,32,0,0,0,0,-1,-1,54483,45433,40870,10726,1121,61067,2460,2220,1400,1121,61067,2210,0
17986,230000,1,1,1,33,0,0,0,0,0,0,213859,218094,225070,227528,121751,219354,9285,12000,9100,4600,4200,4100,1
17987,240000,1,1,1,38,-1,3,2,-1,-1,0,6333,3360,1291,2740,2241,1060,0,10,2740,2241,0,2731,0
17988,240000,1,3,2,36,0,0,0,0,0,0,135053,141213,116710,93057,55419,59336,10000,10000,10000,5000,5000,5000,0
17989,50000,1,2,3,48,2,2,2,2,2,0,42850,42850,45741,45694,45645,46457,1000,3900,1000,1000,1700,4500,1
17990,80000,1,2,1,46,0,0,0,0,0,0,79707,79876,79919,64237,47890,48036,3542,3500,2500,2000,2500,2000,0
17991,50000,1,3,2,41,0,0,0,0,0,0,94962,49032,50135,50269,29182,29096,4200,2200,3300,1200,1100,1100,0
17992,50000,1,2,1,36,0,0,0,0,0,0,43900,42499,17494,18178,18541,18929,2268,1604,1288,651,674,734,0
17993,440000,1,1,2,37,0,0,0,0,0,0,186061,232558,312398,222336,223882,130672,50000,100448,7015,6422,6086,4000,0
17994,220000,1,3,2,42,0,0,0,0,0,0,26595,33330,36720,40729,44762,48914,9000,5000,5000,5000,5000,5000,0
17995,70000,1,1,2,30,0,0,0,-1,0,0,16163,1050,0,21280,21625,22275,1000,0,21280,1000,1000,1200,0
17996,240000,1,1,2,32,-2,-2,-2,-2,-2,-2,3162,3162,3124,3162,3162,3162,3162,3124,3200,3162,3162,3131,0
17997,360000,1,3,2,42,0,0,0,0,0,0,52460,40764,31185,25603,20394,29138,3000,3000,5000,5000,19138,1000,0
17998,360000,1,1,2,32,-2,-2,-2,-2,-2,-2,8971,2284,21669,-3,15866,-46,2303,21785,0,15869,0,0,0
17999,80000,1,1,2,33,-2,-1,2,0,0,0,251594,264594,4374,5495,5902,6804,13000,0,1200,500,1000,1000,0
